100
1 54 
6 88 
1 8 
58 90 
1 21 
1 22 
57 72 
1 27 
1 37 
59 71 
1 40 
1 47 
63 73 
1 52 
60 64 
1 68 
1 84 
58 96 
1 94 
2 14 
62 86 
2 30 
2 33 
64 96 
2 34 
2 45 
63 98 
2 50 
2 61 
61 94 
2 88 
2 96 
64 88 
3 10 
3 24 
3 43 
3 47 
3 51 
3 54 
64 86 
3 64 
3 66 
3 67 
3 78 
69 80 
3 86 
3 89 
67 76 
3 93 
3 94 
65 98 
4 47 
4 53 
68 96 
4 54 
4 86 
72 78 
4 87 
4 94 
69 93 
4 96 
5 6 
67 84 
5 10 
5 29 
70 95 
5 41 
5 44 
74 97 
5 61 
5 72 
72 90 
5 82 
5 85 
70 84 
5 96 
5 97 
74 84 
6 19 
6 20 
58 76 
6 27 
6 30 
57 63 
6 33 
6 35 
74 75 
6 40 
6 42 
58 66 
6 47 
6 73 
81 90 
6 75 
79 84 
6 91 
6 99 
77 79 
7 20 
7 48 
80 88 
7 52 
7 56 
91 92 
7 62 
7 75 
84 99 
7 76 
7 77 
79 90 
7 81 
7 89 
88 99 
8 37 
8 61 
8 63 
8 71 
93 98 
8 73 
8 83 
88 92 
9 15 
9 24 
9 38 
9 56 
9 58 
9 63 
9 77 
9 93 
10 27 
10 34 
10 38 
10 39 
10 49 
10 51 
10 64 
10 74 
11 13 
11 24 
11 44 
11 72 
11 74 
11 88 
11 98 
12 24 
12 30 
12 44 
12 46 
12 50 
12 63 
12 79 
12 97 
13 17 
13 20 
13 30 
13 33 
13 39 
78 93 
13 48 
13 81 
76 88 
13 84 
13 95 
13 96 
13 97 
77 95 
14 17 
14 37 
14 46 
42 46 
14 52 
14 63 
31 90 
14 64 
14 82 
42 87 
14 84 
14 87 
41 90 
14 89 
14 90 
31 84 
14 92 
15 26 
33 48 
15 56 
15 67 
32 66 
15 71 
15 73 
31 55 
15 77 
15 92 
33 39 
15 94 
16 24 
34 51 
16 26 
16 49 
33 70 
16 65 
16 70 
32 87 
16 72 
16 84 
34 43 
17 20 
17 23 
35 77 
17 25 
17 40 
34 78 
17 45 
17 49 
33 86 
17 69 
17 97 
17 99 
18 31 
36 89 
18 36 
18 43 
18 47 
18 61 
18 71 
18 76 
36 81 
18 87 
19 23 
38 74 
19 26 
19 32 
37 68 
19 37 
19 56 
36 62 
19 73 
19 75 
38 64 
19 83 
19 94 
40 87 
19 97 
20 21 
39 52 
20 31 
20 39 
37 83 
20 41 
20 43 
40 68 
20 65 
20 72 
42 64 
20 74 
20 95 
41 64 
21 27 
21 29 
39 99 
21 36 
21 44 
55 96 
21 45 
21 47 
44 58 
21 67 
21 88 
56 75 
21 94 
22 23 
55 91 
22 31 
22 41 
44 49 
22 43 
22 51 
46 64 
22 54 
22 67 
44 69 
22 81 
22 92 
43 74 
22 94 
22 98 
45 78 
22 99 
23 28 
48 68 
23 32 
23 46 
47 64 
23 54 
23 74 
44 93 
24 30 
24 35 
48 49 
24 40 
24 44 
50 56 
24 48 
24 49 
48 96 
24 77 
25 39 
47 90 
25 42 
25 50 
35 59 
25 89 
25 93 
51 74 
25 94 
26 33 
35 85 
26 37 
26 41 
34 98 
26 91 
26 93 
51 65 
26 94 
27 33 
53 60 
27 50 
27 58 
51 99 
27 80 
27 89 
51 55 
28 46 
28 52 
53 54 
28 79 
28 87 
54 89 
28 88 
29 30 
53 79 
29 33 
29 77 
52 83 
29 84 
30 38 
54 70 
30 60 
30 71 
56 71 
30 83 
30 88 
54 99 
30 93 
31 37 
53 94 
31 45 
31 68 
31 87 
32 38 
32 73 
32 91 
33 45 
33 66 
33 85 
33 95 
34 47 
34 77 
34 84 
35 49 
35 67 
35 81 
36 59 
36 70 
36 86 
37 52 
37 79 
37 95 
38 69 
38 93 
39 89 
40 60 
40 73 
40 97 
41 80 
41 95 
42 54 
42 75 
43 70 
43 86 
44 56 
44 67 
44 72 
45 65 
46 53 
46 83 
47 82 
47 93 
48 56 
48 71 
48 97 
49 54 
49 73 
49 91 
50 55 
50 79 
50 89 
51 53 
51 61 
51 71 
51 75 
52 65 
52 97 
53 55 
53 78 
53 86 
54 55 
54 77 
54 91 
55 88 
55 95 
55 98 
56 72 
56 77 
57 58 
57 67 
57 78 
58 73 
58 89 
58 91 
59 62 
59 83 
59 88 
59 92 
61 70 
61 96 
63 67 
63 90 
64 66 
64 87 
64 95 
64 97 
65 76 
65 78 
65 99 
66 76 
66 84 
66 91 
66 94 
67 83 
67 99 
68 97 
69 89 
69 95 
70 86 
72 77 
72 79 
73 84 
74 77 
74 89 
75 78 
76 92 
77 84 
78 84 
78 94 
79 89 
80 84 
80 92 
82 83 
88 90 
88 94 
89 94 
91 97 
94 96 
