30
2 10 
7 15 
1 7 
1 9 
1 18 
1 22 
1 27 
1 28 
2 3 
2 7 
2 11 
2 12 
2 13 
2 14 
2 18 
2 20 
2 21 
2 27 
2 29 
3 5 
3 6 
3 8 
3 9 
3 10 
3 11 
3 13 
3 20 
3 23 
3 25 
3 26 
3 27 
4 6 
4 15 
4 16 
4 17 
4 20 
4 22 
4 23 
4 25 
4 27 
4 28 
5 7 
5 8 
5 9 
5 11 
5 13 
5 14 
5 15 
5 17 
5 19 
5 20 
5 21 
5 26 
5 27 
5 28 
6 9 
6 10 
6 19 
6 22 
6 27 
6 29 
7 8 
7 10 
7 11 
7 12 
7 17 
7 20 
7 21 
7 22 
7 26 
7 27 
7 28 
7 29 
8 9 
8 14 
8 15 
8 16 
8 19 
8 24 
8 26 
9 14 
9 15 
9 19 
9 21 
9 22 
9 25 
9 27 
9 28 
10 11 
10 12 
10 15 
10 17 
10 22 
10 25 
10 28 
10 29 
11 15 
11 18 
11 19 
12 14 
12 16 
12 17 
12 21 
12 22 
12 24 
12 25 
12 28 
12 29 
13 14 
13 18 
13 21 
13 22 
13 25 
13 28 
13 29 
14 15 
14 16 
14 20 
14 22 
14 27 
14 29 
15 17 
15 18 
15 20 
15 23 
15 25 
15 26 
15 28 
15 29 
16 17 
16 18 
16 19 
16 23 
16 24 
16 25 
16 29 
17 26 
17 28 
17 29 
18 19 
18 20 
18 22 
18 23 
18 24 
18 25 
18 29 
19 22 
19 23 
19 24 
19 25 
20 23 
20 29 
21 22 
21 24 
21 25 
21 28 
22 24 
22 25 
22 27 
22 28 
22 29 
23 25 
24 27 
24 29 
25 26 
26 28 
27 28 
28 29 
