35
1 25 
9 14 
1 4 
1 9 
1 11 
1 13 
1 14 
1 15 
1 16 
1 19 
1 31 
2 10 
2 15 
2 16 
2 20 
2 21 
2 27 
2 32 
3 6 
3 13 
3 14 
3 15 
3 16 
3 18 
3 19 
3 22 
3 25 
3 34 
4 5 
4 10 
4 12 
4 21 
4 23 
4 25 
4 33 
5 9 
5 19 
5 26 
5 28 
5 29 
5 30 
5 31 
6 8 
6 10 
6 11 
6 13 
6 14 
6 16 
6 18 
6 24 
6 25 
6 28 
7 10 
7 12 
7 20 
7 30 
7 32 
8 9 
8 12 
8 13 
8 16 
8 20 
8 27 
8 33 
9 13 
9 17 
9 18 
9 23 
9 28 
9 34 
10 12 
10 15 
10 20 
10 23 
10 26 
10 29 
10 32 
10 33 
10 34 
11 15 
11 16 
11 17 
11 22 
11 23 
11 27 
12 13 
12 17 
12 18 
12 22 
12 29 
12 33 
12 34 
13 16 
13 20 
13 22 
13 23 
13 25 
13 27 
13 28 
13 29 
13 31 
13 33 
14 15 
14 16 
14 18 
14 20 
14 22 
14 23 
14 29 
14 32 
15 17 
15 19 
15 21 
15 23 
15 26 
15 27 
15 28 
15 31 
16 19 
16 20 
16 22 
16 30 
16 33 
16 34 
17 18 
17 20 
17 25 
17 28 
17 31 
18 19 
18 20 
18 25 
18 29 
18 30 
18 31 
19 21 
19 22 
19 23 
19 24 
19 25 
19 26 
19 30 
19 34 
20 21 
20 22 
20 33 
21 22 
21 24 
21 25 
21 27 
21 28 
21 29 
21 30 
22 23 
22 25 
22 33 
22 34 
23 24 
23 26 
23 29 
23 34 
24 29 
24 32 
25 26 
25 29 
25 30 
25 32 
25 34 
26 27 
26 28 
26 29 
26 31 
27 30 
27 31 
27 32 
28 30 
28 33 
30 32 
30 33 
31 33 
31 34 
32 33 
33 34 
