60
1 32 
7 13 
1 3 
1 12 
1 15 
1 16 
1 19 
1 24 
1 25 
1 26 
1 34 
1 51 
1 53 
1 57 
2 10 
2 14 
2 16 
2 20 
2 24 
2 26 
2 36 
2 42 
2 44 
2 50 
3 8 
3 10 
3 12 
3 13 
3 23 
3 32 
3 41 
3 49 
4 9 
4 10 
4 12 
4 27 
4 35 
4 36 
4 39 
4 41 
4 43 
4 48 
4 53 
5 13 
5 18 
5 26 
5 28 
5 45 
5 48 
5 50 
5 56 
6 14 
6 16 
6 18 
6 24 
6 33 
6 37 
6 39 
6 40 
6 51 
6 52 
6 53 
6 59 
7 10 
7 11 
7 16 
7 19 
7 27 
7 30 
7 34 
7 35 
7 36 
7 40 
7 47 
7 48 
7 55 
8 15 
8 20 
8 21 
8 23 
8 28 
8 30 
8 31 
8 41 
8 44 
8 45 
8 52 
9 11 
9 22 
9 25 
9 33 
9 36 
9 43 
9 46 
9 50 
10 16 
10 20 
10 24 
10 40 
10 46 
10 55 
11 19 
11 20 
11 25 
11 30 
11 32 
11 39 
11 43 
11 48 
11 50 
11 55 
11 57 
12 17 
12 19 
12 20 
12 28 
12 32 
12 36 
12 38 
12 41 
12 43 
12 53 
13 17 
13 18 
13 19 
13 26 
13 35 
13 36 
43 45 
13 40 
13 42 
31 56 
13 45 
13 57 
45 54 
14 22 
14 27 
42 56 
14 31 
15 16 
30 52 
15 17 
15 19 
33 35 
15 20 
15 21 
32 38 
15 23 
15 25 
30 50 
15 42 
15 58 
32 53 
16 17 
16 29 
34 39 
16 40 
16 42 
33 45 
16 43 
16 49 
32 47 
16 56 
16 59 
34 36 
17 19 
17 21 
35 58 
17 23 
17 24 
34 55 
17 31 
17 33 
33 56 
17 38 
17 41 
17 42 
17 47 
37 39 
17 48 
17 57 
18 23 
18 27 
18 30 
18 35 
36 53 
18 38 
18 39 
39 56 
18 49 
18 52 
38 43 
18 59 
19 22 
36 49 
19 26 
19 27 
39 44 
19 33 
19 52 
41 52 
19 53 
19 54 
40 45 
19 55 
19 56 
38 52 
20 23 
20 31 
41 46 
20 34 
20 38 
44 51 
20 42 
20 53 
42 46 
20 54 
20 55 
40 57 
20 56 
21 23 
21 26 
21 27 
47 53 
21 31 
21 37 
21 43 
21 46 
21 47 
21 48 
46 57 
22 23 
22 29 
52 56 
22 37 
22 43 
47 57 
22 46 
22 54 
46 50 
23 24 
23 25 
50 53 
23 31 
23 32 
23 33 
23 37 
56 57 
23 42 
23 47 
48 53 
23 55 
23 56 
24 32 
24 35 
24 45 
24 49 
25 28 
25 32 
25 34 
25 40 
35 46 
25 52 
25 59 
26 27 
26 33 
36 41 
26 37 
26 45 
34 59 
26 46 
26 52 
27 30 
27 31 
27 34 
27 39 
27 43 
27 46 
27 48 
28 36 
28 40 
28 42 
28 43 
28 44 
28 52 
28 57 
29 32 
29 39 
29 43 
29 48 
29 50 
29 53 
29 56 
30 42 
30 45 
30 51 
30 53 
31 57 
32 42 
32 52 
32 56 
33 41 
33 50 
34 35 
34 38 
34 41 
34 56 
35 37 
35 51 
36 39 
36 45 
36 50 
36 54 
37 56 
38 48 
38 54 
39 53 
40 44 
40 54 
40 59 
41 51 
42 44 
42 55 
42 59 
44 48 
44 54 
45 57 
46 53 
46 58 
47 54 
48 50 
49 56 
52 54 
52 59 
58 59 
