65
1 46 
5 31 
1 7 
48 63 
1 10 
1 15 
47 58 
1 23 
1 24 
49 56 
1 27 
1 29 
53 63 
1 34 
51 56 
1 52 
1 54 
49 54 
1 57 
1 61 
52 54 
1 64 
2 9 
59 64 
2 21 
2 30 
55 57 
2 37 
2 41 
51 63 
2 42 
2 43 
56 60 
2 46 
2 47 
2 54 
2 55 
3 7 
3 8 
55 62 
3 11 
3 14 
3 20 
3 22 
3 27 
3 28 
3 31 
3 35 
3 44 
3 50 
3 58 
3 62 
4 8 
4 11 
4 16 
4 17 
4 19 
4 23 
4 30 
4 31 
4 34 
4 35 
4 39 
4 42 
4 45 
4 47 
4 50 
4 61 
48 60 
5 9 
5 12 
46 49 
5 14 
5 20 
5 22 
5 23 
47 64 
5 25 
5 28 
5 30 
5 33 
5 37 
5 40 
5 45 
5 55 
5 56 
6 10 
6 11 
6 16 
6 24 
6 27 
6 28 
6 30 
6 41 
6 43 
6 46 
6 47 
6 56 
6 57 
6 59 
6 64 
7 9 
7 10 
7 13 
7 18 
7 20 
7 35 
7 44 
7 48 
7 53 
7 58 
8 9 
8 11 
8 18 
8 20 
8 23 
8 26 
8 27 
8 30 
8 38 
8 46 
8 57 
9 10 
9 11 
9 13 
9 15 
9 18 
9 22 
9 23 
9 28 
9 30 
9 32 
9 36 
9 41 
9 45 
9 47 
9 49 
9 50 
9 54 
9 55 
10 13 
10 20 
10 21 
31 49 
10 24 
10 27 
23 62 
10 28 
10 35 
32 35 
10 37 
10 40 
31 44 
10 45 
10 57 
23 56 
10 58 
10 60 
25 29 
11 18 
11 20 
24 33 
11 21 
11 22 
23 51 
11 30 
11 38 
24 63 
11 41 
11 46 
26 27 
11 48 
11 49 
25 36 
11 51 
11 63 
24 44 
12 14 
12 23 
25 57 
12 50 
12 52 
27 32 
12 59 
13 25 
26 37 
13 26 
13 31 
25 53 
13 35 
13 36 
13 38 
13 51 
28 49 
13 52 
13 57 
14 15 
14 19 
14 39 
14 41 
27 61 
14 43 
14 50 
29 51 
14 59 
15 17 
28 55 
15 19 
15 22 
27 43 
15 25 
15 28 
29 38 
15 31 
15 33 
30 52 
15 35 
15 36 
29 58 
15 50 
15 58 
29 30 
16 20 
16 24 
30 40 
16 36 
16 37 
31 64 
16 42 
16 57 
30 61 
17 18 
17 19 
30 34 
17 20 
17 23 
42 59 
17 25 
17 32 
32 59 
17 33 
17 53 
43 58 
17 60 
18 19 
42 55 
18 20 
18 23 
32 51 
18 36 
18 40 
34 36 
18 44 
18 52 
33 34 
18 61 
19 20 
32 45 
19 26 
19 34 
33 57 
19 35 
19 41 
35 44 
19 43 
19 46 
34 42 
19 50 
19 56 
33 44 
19 57 
19 60 
35 38 
20 22 
20 24 
36 55 
20 25 
20 26 
35 46 
20 30 
20 32 
34 62 
20 33 
20 38 
26 54 
20 41 
20 42 
37 57 
20 48 
20 51 
27 36 
20 52 
20 57 
26 44 
21 25 
21 29 
37 45 
21 30 
21 40 
39 46 
21 46 
21 51 
37 62 
21 52 
21 53 
36 62 
21 64 
22 24 
38 63 
22 33 
22 38 
41 59 
22 43 
22 45 
39 52 
22 46 
22 48 
38 52 
22 55 
22 58 
41 53 
23 26 
23 37 
43 52 
23 40 
23 42 
41 63 
23 45 
23 46 
40 51 
23 48 
23 52 
23 60 
23 64 
24 41 
24 56 
25 27 
25 30 
25 48 
25 54 
25 59 
26 28 
26 43 
26 47 
26 61 
27 34 
27 40 
27 49 
28 33 
28 53 
28 56 
29 37 
29 44 
29 57 
29 60 
30 36 
30 49 
30 53 
31 43 
31 48 
31 53 
32 33 
32 36 
32 46 
32 52 
32 61 
33 35 
33 45 
33 62 
34 40 
34 59 
35 37 
35 43 
35 45 
35 48 
35 50 
35 58 
35 59 
35 60 
36 59 
36 60 
36 61 
36 64 
37 53 
37 61 
38 44 
38 62 
39 45 
39 50 
39 55 
41 45 
41 57 
41 61 
42 47 
42 56 
43 47 
43 57 
43 60 
44 54 
47 51 
47 61 
48 54 
48 62 
48 64 
49 55 
49 60 
49 62 
51 53 
51 62 
52 53 
52 61 
54 58 
55 60 
56 57 
58 59 
60 63 
60 64 
62 63 
