70
1 62 
6 61 
1 3 
44 57 
1 4 
1 21 
43 53 
1 22 
1 38 
45 53 
1 54 
1 55 
47 54 
1 61 
46 54 
1 66 
1 68 
44 60 
1 69 
2 3 
46 69 
2 11 
2 14 
50 59 
2 15 
2 16 
47 64 
2 23 
2 27 
46 58 
2 32 
2 39 
50 53 
2 49 
2 66 
2 67 
3 6 
3 18 
3 20 
48 68 
3 23 
3 27 
3 28 
3 35 
57 67 
3 46 
3 47 
54 61 
3 48 
3 51 
52 60 
3 65 
3 69 
56 67 
4 9 
4 21 
64 66 
4 32 
4 44 
58 63 
4 50 
4 58 
56 64 
4 69 
5 12 
61 65 
5 16 
5 20 
5 26 
5 27 
5 29 
5 38 
59 65 
5 40 
5 50 
5 52 
5 55 
44 46 
5 56 
5 61 
43 46 
5 67 
6 8 
6 10 
6 25 
43 59 
6 42 
6 55 
6 60 
6 65 
7 8 
7 11 
7 12 
7 17 
7 18 
7 20 
7 31 
7 40 
7 42 
7 47 
7 50 
7 54 
7 61 
7 64 
7 66 
7 67 
8 10 
8 12 
8 17 
8 20 
8 23 
8 31 
8 46 
8 52 
8 57 
8 58 
9 11 
9 15 
9 29 
9 32 
9 34 
9 42 
9 45 
9 49 
9 50 
9 55 
9 57 
9 59 
9 63 
9 67 
10 23 
10 24 
10 28 
10 37 
10 40 
10 50 
10 55 
10 65 
10 68 
10 69 
11 21 
11 33 
11 35 
11 38 
11 42 
11 52 
11 54 
11 59 
11 61 
11 63 
12 16 
12 22 
32 51 
12 23 
12 24 
24 48 
12 26 
12 32 
32 64 
12 33 
12 39 
32 42 
12 62 
12 64 
24 42 
13 17 
13 22 
26 27 
13 26 
13 27 
25 37 
13 29 
13 36 
24 28 
13 46 
13 62 
25 51 
13 69 
14 15 
27 29 
14 22 
14 23 
26 33 
14 26 
14 43 
25 41 
14 45 
14 48 
26 50 
14 49 
14 52 
28 60 
14 55 
14 60 
27 32 
14 67 
15 16 
26 42 
15 17 
15 29 
15 31 
15 33 
29 49 
15 34 
15 36 
15 39 
15 43 
15 55 
15 61 
29 44 
15 63 
16 18 
30 61 
16 22 
16 31 
29 59 
16 32 
16 34 
29 37 
16 38 
16 40 
30 42 
16 41 
16 47 
31 65 
16 51 
16 53 
30 65 
16 56 
16 62 
29 63 
16 65 
16 69 
31 52 
17 19 
17 25 
32 60 
17 32 
17 33 
32 33 
17 34 
17 39 
31 43 
17 41 
17 42 
41 65 
17 45 
17 46 
33 52 
17 50 
17 51 
42 62 
17 56 
17 64 
41 51 
17 67 
18 19 
33 50 
18 26 
18 29 
34 58 
18 30 
18 31 
33 63 
18 37 
18 44 
33 46 
18 59 
18 60 
34 45 
18 61 
18 66 
35 65 
19 32 
19 33 
35 44 
19 53 
19 66 
34 35 
20 25 
20 33 
35 63 
20 37 
20 38 
36 63 
20 39 
20 48 
35 67 
20 63 
20 65 
35 48 
20 67 
20 68 
28 40 
21 23 
21 32 
37 69 
21 36 
21 53 
29 32 
22 24 
22 26 
27 51 
22 36 
22 40 
37 58 
22 41 
22 44 
39 63 
22 47 
22 50 
38 43 
22 53 
22 55 
37 52 
22 57 
22 58 
39 42 
22 63 
22 67 
40 60 
23 24 
23 25 
40 48 
23 29 
23 35 
38 66 
23 40 
23 46 
40 57 
23 47 
23 50 
42 58 
23 51 
23 52 
41 45 
23 63 
23 68 
40 51 
24 27 
24 29 
24 45 
25 33 
25 38 
25 43 
25 63 
26 31 
26 41 
26 43 
26 63 
27 31 
27 37 
27 57 
28 51 
28 63 
29 36 
29 40 
29 48 
29 55 
29 61 
30 34 
30 55 
30 64 
30 69 
31 46 
31 59 
31 67 
32 38 
32 43 
32 54 
32 63 
33 35 
33 49 
33 51 
33 54 
33 65 
34 43 
34 51 
35 40 
35 47 
35 62 
35 64 
35 66 
36 38 
36 39 
36 43 
36 50 
36 54 
36 65 
36 68 
37 38 
37 57 
37 68 
38 40 
38 63 
38 67 
39 59 
39 66 
40 49 
40 54 
40 58 
40 63 
41 46 
41 54 
41 68 
42 61 
42 66 
42 68 
43 52 
43 57 
43 65 
44 54 
44 58 
44 67 
45 63 
46 49 
46 51 
46 57 
46 61 
47 52 
47 57 
48 57 
50 51 
50 54 
50 64 
50 67 
51 56 
52 66 
53 65 
53 67 
54 55 
54 57 
55 64 
56 66 
57 61 
58 59 
58 69 
60 65 
62 68 
66 67 
