80
1 70 
5 66 
1 3 
36 76 
1 6 
1 22 
36 39 
1 33 
1 43 
37 48 
1 46 
1 47 
38 64 
1 62 
37 76 
1 75 
2 10 
36 79 
2 14 
2 33 
38 52 
2 37 
2 39 
39 73 
2 42 
2 43 
39 42 
2 45 
2 56 
37 79 
2 63 
2 69 
39 64 
3 5 
3 7 
49 57 
3 8 
3 14 
48 63 
3 17 
3 20 
39 61 
3 31 
3 33 
48 76 
3 42 
3 43 
41 75 
3 44 
3 47 
40 78 
3 56 
3 59 
40 43 
3 67 
3 71 
41 63 
3 72 
3 77 
42 69 
4 11 
4 13 
42 44 
4 29 
4 49 
41 46 
4 50 
4 52 
42 61 
4 55 
4 58 
44 49 
4 59 
4 61 
42 78 
4 66 
4 72 
42 54 
4 74 
4 75 
43 79 
5 9 
5 12 
36 61 
5 13 
5 20 
35 68 
5 25 
5 40 
43 61 
5 45 
5 49 
36 46 
5 51 
5 52 
46 52 
5 61 
45 67 
5 68 
5 76 
44 64 
6 11 
6 13 
45 78 
6 19 
6 31 
47 67 
6 38 
6 50 
46 62 
6 53 
6 56 
45 71 
6 59 
6 64 
47 55 
6 67 
6 74 
48 60 
6 79 
7 8 
47 71 
7 17 
7 19 
46 68 
7 21 
7 22 
48 55 
7 30 
7 37 
7 67 
7 78 
8 12 
8 21 
47 74 
8 33 
8 35 
8 36 
8 46 
50 69 
8 51 
8 64 
49 67 
8 66 
8 67 
48 65 
9 16 
9 19 
50 67 
9 22 
9 23 
52 57 
9 24 
9 38 
51 55 
9 42 
9 45 
50 55 
9 46 
9 50 
52 54 
9 60 
9 65 
53 76 
9 73 
9 75 
52 63 
9 77 
10 13 
51 58 
10 34 
10 35 
53 60 
10 40 
10 42 
45 52 
10 47 
10 48 
44 62 
10 51 
10 55 
53 57 
10 60 
10 76 
44 71 
10 79 
11 12 
11 16 
27 33 
11 38 
11 41 
21 71 
11 42 
11 43 
27 47 
11 46 
11 50 
26 70 
11 52 
11 53 
21 62 
11 73 
11 79 
22 41 
12 19 
12 23 
22 23 
12 36 
12 44 
21 51 
12 60 
12 68 
22 39 
12 79 
13 16 
23 42 
13 19 
13 27 
22 56 
13 31 
13 35 
22 32 
13 40 
13 47 
23 32 
13 51 
13 53 
24 39 
13 60 
13 64 
23 54 
13 65 
13 75 
23 25 
13 76 
14 20 
14 22 
14 28 
24 79 
14 35 
14 38 
14 40 
14 42 
14 46 
14 47 
24 61 
14 55 
14 65 
26 30 
14 68 
14 70 
25 57 
15 17 
15 19 
24 54 
15 20 
15 36 
25 72 
15 42 
15 46 
26 59 
15 49 
15 52 
26 34 
15 57 
15 58 
25 66 
15 59 
15 63 
26 48 
15 65 
15 66 
27 38 
15 72 
15 75 
26 67 
16 19 
16 31 
26 36 
16 34 
16 35 
33 77 
16 49 
16 50 
27 75 
16 55 
16 60 
34 79 
16 64 
16 70 
33 55 
16 72 
17 23 
27 64 
17 33 
17 39 
29 31 
17 45 
17 51 
28 35 
17 57 
17 62 
27 49 
17 64 
17 66 
28 79 
17 71 
18 19 
61 62 
29 79 
18 20 
18 26 
29 53 
18 33 
18 38 
28 44 
18 39 
18 54 
29 72 
18 55 
18 64 
62 75 
30 59 
18 71 
18 72 
30 32 
18 76 
19 21 
59 79 
29 62 
19 24 
19 25 
23 72 
19 27 
19 29 
31 42 
19 32 
19 33 
24 47 
19 35 
19 36 
23 65 
19 45 
19 51 
31 36 
19 52 
19 59 
32 44 
19 69 
19 70 
31 50 
19 73 
19 74 
30 79 
19 78 
20 24 
32 34 
20 30 
20 48 
33 35 
20 50 
20 54 
32 52 
20 61 
20 64 
31 77 
20 66 
20 75 
32 66 
21 22 
21 23 
34 36 
21 31 
21 32 
33 45 
21 42 
21 43 
32 58 
21 50 
21 61 
21 65 
21 75 
22 30 
22 36 
22 40 
22 48 
22 68 
23 30 
23 35 
23 51 
23 63 
23 69 
23 76 
24 46 
24 51 
24 60 
24 75 
25 41 
25 58 
25 70 
25 76 
26 32 
26 35 
26 44 
26 58 
26 66 
26 68 
26 75 
27 35 
27 39 
27 48 
27 59 
27 71 
27 76 
28 43 
28 68 
29 30 
29 35 
29 54 
29 70 
29 73 
30 31 
30 34 
62 63 
30 42 
30 48 
30 49 
30 54 
30 62 
30 64 
30 68 
31 33 
31 40 
31 44 
31 54 
31 79 
32 43 
32 51 
32 53 
32 65 
32 77 
33 44 
33 48 
33 65 
33 78 
34 70 
35 38 
56 77 
35 55 
35 69 
57 79 
36 41 
36 58 
58 68 
36 62 
36 78 
59 68 
37 46 
37 49 
37 53 
37 60 
37 77 
38 49 
38 56 
38 72 
39 53 
39 63 
39 70 
63 70 
39 74 
39 78 
39 79 
64 72 
40 58 
40 60 
40 61 
40 67 
65 71 
40 73 
41 42 
67 74 
41 56 
41 73 
41 79 
54 56 
42 50 
54 71 
42 55 
42 66 
55 63 
42 74 
43 58 
56 57 
43 74 
44 45 
44 52 
44 63 
44 67 
44 74 
45 57 
45 70 
45 77 
45 79 
46 61 
46 66 
46 70 
47 63 
47 69 
47 72 
48 50 
48 57 
48 61 
48 64 
48 67 
49 52 
49 59 
50 54 
50 59 
50 68 
68 77 
51 53 
51 57 
72 76 
51 69 
52 55 
75 78 
52 59 
52 73 
53 59 
53 63 
53 79 
54 58 
54 63 
54 70 
54 73 
54 78 
55 59 
55 65 
55 70 
55 72 
56 59 
56 67 
56 68 
57 61 
57 71 
57 78 
58 62 
58 63 
58 64 
58 69 
59 61 
59 64 
59 69 
59 73 
59 76 
60 62 
60 72 
60 77 
61 65 
61 73 
61 78 
62 64 
62 67 
62 74 
62 79 
63 64 
63 67 
63 71 
63 79 
64 67 
64 75 
64 79 
65 67 
65 73 
66 74 
66 78 
67 79 
68 72 
68 76 
70 72 
70 74 
71 76 
72 78 
74 76 
74 77 
76 78 
76 79 
