95
2 8 
8 51 
1 2 
72 86 
1 3 
1 6 
69 80 
1 11 
1 20 
74 81 
1 43 
1 49 
78 90 
1 85 
76 77 
2 19 
2 27 
73 92 
2 34 
2 46 
78 86 
2 49 
3 4 
3 21 
3 24 
79 84 
3 28 
3 34 
77 79 
3 36 
3 47 
88 93 
3 51 
3 52 
3 60 
3 77 
3 93 
4 18 
84 92 
4 60 
4 72 
4 73 
4 79 
4 80 
5 33 
5 46 
5 53 
5 67 
5 81 
5 85 
5 88 
6 10 
6 26 
6 56 
6 66 
6 76 
7 8 
7 10 
7 16 
7 23 
7 24 
7 30 
7 35 
7 47 
7 49 
7 59 
7 76 
70 82 
7 81 
7 88 
69 74 
8 16 
8 24 
8 26 
8 37 
69 87 
8 38 
8 40 
8 45 
8 77 
9 12 
9 26 
9 28 
9 45 
9 67 
9 72 
9 77 
10 19 
10 22 
10 37 
10 46 
10 51 
10 67 
10 76 
10 92 
11 21 
11 23 
11 25 
11 26 
11 43 
11 52 
11 57 
11 62 
11 68 
11 70 
11 75 
11 82 
11 86 
11 94 
12 36 
12 37 
12 73 
13 15 
13 25 
13 27 
13 40 
13 46 
13 50 
13 62 
13 64 
13 67 
13 74 
13 88 
13 89 
14 17 
14 24 
14 33 
14 35 
14 38 
14 59 
14 88 
15 20 
15 45 
15 72 
15 87 
16 36 
16 73 
16 81 
16 85 
16 87 
17 19 
17 22 
51 93 
17 29 
17 49 
39 83 
17 59 
17 63 
52 84 
17 76 
18 19 
51 78 
18 27 
18 31 
39 54 
18 41 
18 56 
41 69 
18 69 
18 71 
40 58 
18 76 
18 86 
39 40 
19 24 
19 33 
41 53 
19 41 
19 45 
43 78 
19 76 
19 82 
41 87 
19 84 
20 53 
40 80 
20 68 
20 79 
42 87 
20 81 
21 36 
45 58 
21 37 
21 49 
43 90 
21 50 
21 52 
42 79 
21 53 
21 85 
22 43 
22 50 
46 79 
22 54 
22 57 
22 87 
23 27 
23 29 
23 34 
46 48 
23 38 
23 40 
48 53 
23 47 
23 67 
46 89 
24 42 
24 44 
45 94 
24 49 
24 50 
47 86 
24 51 
24 74 
51 61 
24 94 
25 35 
48 70 
25 56 
25 57 
47 76 
25 60 
25 62 
50 88 
25 89 
26 37 
52 66 
26 41 
26 42 
51 66 
26 71 
26 78 
50 60 
26 92 
27 29 
67 85 
27 51 
27 57 
54 81 
27 92 
27 94 
68 79 
28 50 
28 77 
67 76 
28 81 
28 90 
54 75 
29 31 
29 34 
56 59 
29 47 
29 51 
55 58 
29 77 
29 80 
53 76 
29 94 
30 34 
55 80 
30 46 
30 59 
58 75 
30 81 
31 45 
56 73 
31 53 
31 61 
55 66 
32 46 
32 63 
57 82 
32 65 
32 68 
60 64 
32 72 
32 74 
58 89 
32 79 
33 47 
57 67 
33 48 
33 53 
45 47 
33 56 
33 61 
61 93 
33 69 
33 85 
45 79 
33 90 
34 39 
44 81 
34 45 
34 51 
61 74 
34 58 
34 70 
64 69 
34 73 
34 78 
62 75 
34 83 
34 88 
61 63 
35 64 
35 65 
63 74 
36 40 
36 44 
66 90 
36 48 
36 54 
64 77 
36 84 
36 92 
62 90 
37 45 
37 51 
65 92 
37 52 
37 87 
68 70 
38 54 
38 66 
67 73 
38 69 
38 84 
65 78 
38 92 
39 49 
39 67 
40 43 
40 64 
40 87 
41 56 
41 77 
42 44 
42 81 
43 69 
43 81 
44 71 
44 82 
45 56 
45 60 
45 89 
46 47 
46 57 
46 82 
47 69 
47 84 
48 51 
48 61 
49 71 
50 72 
50 91 
51 64 
51 69 
51 82 
52 62 
52 82 
53 55 
54 56 
54 77 
55 56 
55 65 
55 73 
55 88 
56 67 
56 91 
57 71 
58 65 
58 82 
58 93 
59 60 
59 73 
59 83 
59 84 
60 71 
60 74 
60 88 
61 72 
61 92 
62 72 
62 82 
62 91 
63 75 
64 71 
65 69 
65 84 
66 82 
67 69 
67 74 
67 83 
67 86 
68 74 
68 84 
68 85 
69 76 
69 82 
70 74 
71 89 
72 93 
74 79 
75 83 
75 84 
75 88 
76 81 
77 81 
78 88 
79 83 
79 90 
87 94 
89 93 
