32385
1 22 38
1 35 36
1 10 5
1 39 29
1 95 24
1 27 6
1 21 30
1 2237 37
1 4675 41
1 147 40
1 1180 43
1 818 1
1 1752 12
1 1400 40
1 2306 35
1 1034 1
1 70 1
1 1764 25
1 129 36
1 6428 8
1 6438 21
1 6437 20
1 1780 27
1 364 34
1 6974 26
1 7058 36
1 3643 11
1 1214 27
1 3663 28
1 298 38
1 1831 48
1 7257 15
1 458 23
1 767 3
1 542 44
1 8055 46
1 4791 8
1 366 24
1 1237 33
1 2598 49
1 8733 13
1 853 25
1 1497 49
1 1931 24
1 1932 15
1 1500 33
1 4167 25
1 1501 15
1 4180 7
1 4190 11
1 4215 23
1 1954 28
1 1969 30
1 966 50
1 4306 12
1 1530 6
1 130 35
1 10634 22
1 2933 32
1 4561 12
1 4602 9
1 1126 29
1 4647 27
1 791 32
1 2970 32
1 263 20
1 56 28
1 799 39
1 1140 44
1 92 10
1 728 38
1 730 6
1 88 35
1 3075 36
1 396 30
1 267 49
1 3099 19
1 285 5
1 525 14
1 28 25
1 392 16
1 173 37
1 109 3
1 217 45
1 146 36
1 4688 14
1 3191 50
1 155 21
1 1694 36
1 1693 32
1 4687 32
1 2223 44
1 1696 11
1 13655 9
1 5545 26
1 13691 42
1 3208 29
1 2857 3
1 5562 31
1 1370 22
1 13701 12
1 899 18
1 5567 28
1 1371 47
1 5535 4
1 3201 8
1 13712 45
1 5582 22
1 13720 12
1 5574 8
1 163 47
1 13741 27
1 499 44
1 1702 49
1 13742 22
1 5590 30
1 5599 13
1 5591 22
1 13750 50
1 13775 48
1 2231 4
1 13788 31
1 1373 42
1 2233 14
1 269 40
1 5622 17
1 5621 5
1 3223 18
1 1014 19
1 636 36
1 13770 39
1 3224 31
1 13853 3
1 13865 17
1 13861 27
1 5633 6
1 13874 24
1 3226 22
1 3232 27
1 13897 36
1 3233 29
1 682 24
1 1707 13
1 13908 23
1 3235 23
1 5658 35
1 1711 2
1 13920 35
1 1712 6
1 5664 1
1 5666 32
1 237 9
1 13954 32
1 13952 24
1 13957 23
1 13958 22
1 2239 40
1 571 27
1 5669 39
1 902 9
1 13971 12
1 13960 28
1 5679 40
1 1714 15
1 14014 44
1 14003 16
1 3246 20
1 14032 17
1 1381 38
1 5695 47
1 5697 2
1 4689 16
1 1171 21
1 1382 15
1 5703 39
1 14061 43
1 5713 49
1 14053 41
1 5715 28
1 1719 5
1 1717 42
1 2242 10
1 3251 13
1 3252 24
1 5721 33
1 3247 36
1 3254 45
1 903 22
1 14090 13
1 3257 33
1 14100 31
1 3255 25
1 1018 11
1 1720 20
1 1172 39
1 14124 4
1 3260 36
1 14138 9
1 14137 21
1 3264 23
1 3266 6
1 14153 23
1 14150 39
1 14145 26
1 5745 37
1 527 28
1 1385 19
1 5729 35
1 1387 18
1 14190 46
1 1015 39
1 1390 9
1 14203 5
1 14224 2
1 5780 32
1 2251 37
1 1723 37
1 1389 26
1 739 9
1 5793 49
1 11812 9
1 2254 40
1 5802 23
1 1391 19
1 309 9
1 297 12
1 14235 23
1 378 44
1 1017 20
1 5808 43
1 1724 17
1 361 26
1 14284 15
1 14293 6
1 2258 1
1 573 2
1 5827 33
1 14281 20
1 5837 37
1 5855 50
1 5854 15
1 14362 25
1 4692 8
1 5850 20
1 5856 27
1 4728 40
1 248 6
1 14389 14
1 3298 15
1 14421 15
1 5877 13
1 207 24
1 170 4
1 14502 35
1 2267 42
1 907 13
1 1394 47
1 14527 15
1 718 7
1 104 16
1 67 7
1 744 23
1 1026 42
1 14544 22
1 3315 28
1 2269 42
1 3300 23
1 3316 10
1 5889 12
1 253 9
1 1022 10
1 5942 26
1 5941 34
1 14634 17
1 5946 45
1 1740 11
1 5944 6
1 14657 1
1 59 24
1 14681 21
1 1028 16
1 819 36
1 3331 44
1 3329 20
1 2280 21
1 3335 36
1 5982 32
1 2279 17
1 14709 50
1 5985 39
1 5991 33
1 3338 7
1 5993 11
1 14715 24
1 5997 28
1 2282 39
1 2281 16
1 1178 1
1 14690 49
1 572 27
1 14262 10
1 14756 8
1 2283 3
1 11839 44
1 914 25
1 14742 48
1 11667 4
1 13974 31
1 13899 49
1 5629 27
1 6012 2
1 425 14
1 6014 13
1 6018 46
1 6027 34
1 14827 33
1 14826 31
1 6026 16
1 1746 50
1 1183 31
1 3345 4
1 3344 33
1 3350 38
1 2286 15
1 6035 6
1 14855 16
1 2287 3
1 2285 22
1 6037 16
1 3349 2
1 310 48
1 6046 26
1 3351 10
1 3353 1
1 6066 19
1 6052 34
1 14919 48
1 6059 22
1 6056 15
1 6076 46
1 3357 49
1 14960 16
1 14959 10
1 6083 11
1 1029 11
1 6084 44
1 3361 44
1 11671 42
1 2853 9
1 6086 44
1 531 23
1 6089 12
1 1748 26
1 6077 10
1 14984 26
1 14985 31
1 6038 25
1 2288 29
1 1745 2
1 6097 41
1 6104 30
1 14996 50
1 6107 17
1 6108 39
1 1750 50
1 3368 35
1 1185 23
1 15012 48
1 15020 7
1 6119 37
1 6125 44
1 6123 6
1 15055 3
1 15076 4
1 2299 17
1 3374 13
1 689 47
1 6122 10
1 6135 5
1 3373 5
1 15102 3
1 15097 28
1 820 16
1 1397 29
1 2301 37
1 6134 42
1 6145 9
1 15136 12
1 15135 20
1 3384 11
1 15154 3
1 6153 50
1 3386 11
1 15146 19
1 15127 38
1 15180 11
1 15190 4
1 15184 11
1 15182 8
1 15209 11
1 3389 47
1 3392 2
1 6184 16
1 6186 50
1 3394 5
1 15241 32
1 3396 13
1 3393 1
1 15194 42
1 918 17
1 15261 5
1 15262 45
1 15263 45
1 15257 21
1 3399 23
1 6193 31
1 6190 12
1 15280 32
1 3403 43
1 330 32
1 6166 43
1 231 46
1 200 31
1 15297 3
1 6213 15
1 15303 19
1 15326 13
1 748 18
1 6221 29
1 6219 21
1 3410 28
1 15373 26
1 2311 22
1 6225 44
1 6232 26
1 1402 26
1 15329 25
1 15380 38
1 3412 26
1 6237 17
1 15382 5
1 15402 31
1 2312 11
1 15392 49
1 15385 1
1 15415 34
1 6240 29
1 6235 13
1 15438 15
1 15425 22
1 15442 44
1 6258 8
1 1757 18
1 3420 25
1 1756 10
1 382 32
1 15473 44
1 3421 23
1 271 49
1 3411 23
1 639 43
1 15288 27
1 2296 48
1 3363 15
1 14777 20
1 185 23
1 6277 41
1 15487 45
1 3424 11
1 6280 16
1 15494 11
1 15512 15
1 15515 47
1 1399 22
1 6283 13
1 15492 47
1 15547 5
1 15558 42
1 3427 10
1 6310 20
1 6308 14
1 1563 4
1 1762 27
1 15672 31
1 3444 28
1 3449 37
1 3450 12
1 15708 21
1 6345 9
1 15712 11
1 6356 43
1 2334 2
1 690 38
1 6370 41
1 215 17
1 286 7
1 6319 14
1 15785 7
1 642 2
1 2339 24
1 15806 23
1 15808 12
1 15767 39
1 15818 19
1 6398 34
1 6386 1
1 15879 16
1 11677 39
1 15890 42
1 2345 25
1 15919 9
1 11923 5
1 6418 28
1 2348 36
1 1417 36
1 752 6
1 15809 22
1 15975 47
1 2351 27
1 15997 31
1 6446 8
1 3478 19
1 157 33
1 3483 45
1 3484 10
1 3480 49
1 2352 2
1 6466 24
1 3489 6
1 2354 3
1 2353 47
1 16067 29
1 6485 15
1 2357 35
1 6472 47
1 1196 48
1 2358 36
1 6494 13
1 16080 36
1 6498 28
1 220 38
1 16022 45
1 6499 32
1 2362 16
1 3498 30
1 582 17
1 16091 21
1 15522 1
1 16136 14
1 6513 47
1 16142 32
1 6512 22
1 16151 16
1 71 14
1 2363 16
1 6521 26
1 6522 13
1 16175 17
1 16179 49
1 3505 19
1 16189 20
1 6534 46
1 16207 47
1 16220 34
1 16210 31
1 2368 44
1 16229 32
1 6553 16
1 6554 6
1 6530 17
1 6564 43
1 824 44
1 2365 12
1 16244 25
1 2882 9
1 2058 41
1 6577 42
1 6580 29
1 6585 42
1 1039 6
1 16299 26
1 2371 23
1 16300 27
1 1425 42
1 16289 37
1 16276 42
1 1787 17
1 6601 49
1 16306 9
1 16355 16
1 6615 17
1 2377 28
1 16364 11
1 16354 14
1 6627 11
1 1789 41
1 405 7
1 1198 42
1 6623 7
1 254 13
1 2415 9
1 4762 49
1 6861 6
1 16738 20
1 40 24
1 272 14
1 3595 11
1 16762 15
1 6866 43
1 3596 2
1 6864 20
1 6870 19
1 3599 24
1 3597 46
1 16756 10
1 2376 10
1 16782 38
1 6882 27
1 6878 9
1 6888 46
1 16800 42
1 6883 26
1 3602 24
1 6871 2
1 3600 39
1 2418 35
1 16853 43
1 1208 46
1 1049 27
1 1804 49
1 343 8
1 6912 35
1 2424 48
1 6902 13
1 3607 5
1 16934 21
1 16932 27
1 6921 15
1 3610 36
1 6919 19
1 16855 17
1 3605 6
1 16969 38
1 6928 40
1 648 2
1 134 47
1 4764 50
1 1052 39
1 3611 24
1 16941 8
1 6955 35
1 17020 15
1 273 34
1 6959 8
1 17037 17
1 1438 22
1 17053 43
1 6967 9
1 6966 17
1 1807 19
1 6976 8
1 17083 25
1 6977 4
1 6989 5
1 1439 37
1 830 8
1 406 26
1 3620 14
1 6994 23
1 6993 11
1 17100 32
1 6999 40
1 6995 17
1 1810 19
1 17119 29
1 3613 18
1 6889 16
1 16239 29
1 344 7
1 17176 40
1 17200 36
1 2439 42
1 7027 4
1 17202 20
1 7029 49
1 7034 21
1 7033 41
1 17257 42
1 17227 30
1 7040 8
1 17268 10
1 7054 37
1 7059 32
1 17285 13
1 17309 42
1 3633 19
1 17323 21
1 2444 17
1 386 32
1 1053 44
1 7084 28
1 17220 14
1 7094 33
1 7103 44
1 7107 33
1 7100 12
1 7108 12
1 7112 49
1 17412 40
1 7111 18
1 12003 38
1 7110 26
1 1821 9
1 2447 41
1 17427 45
1 17415 8
1 2449 12
1 7130 36
1 7128 49
1 7121 41
1 17466 43
1 17475 8
1 12005 27
1 1820 25
1 17487 21
1 7139 18
1 7142 43
1 17532 41
1 3650 35
1 3651 25
1 17543 34
1 17547 12
1 650 38
1 17548 17
1 17535 6
1 3649 21
1 17483 28
1 7165 17
1 17585 19
1 2454 18
1 17589 35
1 17596 6
1 7172 43
1 17592 44
1 1824 47
1 2063 38
1 17708 1
1 762 8
1 1826 23
1 17739 50
1 3668 48
1 7229 16
1 17752 8
1 2458 25
1 1446 40
1 7241 28
1 1825 43
1 3654 33
1 7178 19
1 17773 27
1 832 7
1 17819 3
1 7251 39
1 17824 45
1 17916 19
1 3685 44
1 2465 15
1 17945 47
1 7303 11
1 873 33
1 7323 14
1 17999 46
1 17956 38
1 2469 7
1 3688 39
1 1448 35
1 2455 44
1 18053 40
1 653 43
1 18048 16
1 276 39
1 942 40
1 18075 31
1 12029 47
1 18082 15
1 7359 20
1 18111 25
1 7371 7
1 18104 3
1 764 43
1 7379 33
1 18115 9
1 18121 46
1 1058 22
1 4772 3
1 1814 15
1 16126 15
1 18134 17
1 7387 11
1 480 26
1 18131 50
1 3708 25
1 7397 21
1 1839 37
1 18159 31
1 3718 9
1 7411 22
1 18195 24
1 3721 49
1 18224 14
1 3717 39
1 1059 37
1 7436 4
1 7438 20
1 3726 34
1 7437 18
1 3727 40
1 18265 8
1 654 25
1 7439 42
1 7429 1
1 18269 8
1 7451 50
1 18290 46
1 7462 29
1 18297 3
1 2492 11
1 18313 44
1 2491 19
1 7471 21
1 18327 19
1 18270 18
1 2493 46
1 3738 39
1 7484 5
1 18358 26
1 18349 48
1 7486 27
1 3739 49
1 3740 46
1 2496 40
1 1845 38
1 2497 33
1 18443 43
1 1461 7
1 3751 17
1 944 11
1 1847 46
1 7520 24
1 18480 35
1 7532 38
1 18528 25
1 3758 42
1 18484 37
1 656 21
1 7554 21
1 1849 39
1 3761 31
1 2501 14
1 18568 8
1 3764 2
1 7571 32
1 18586 26
1 3766 47
1 7580 21
1 7582 31
1 18595 22
1 18593 19
1 1850 7
1 3771 21
1 30 14
1 18653 46
1 7605 8
1 7604 47
1 3768 39
1 18597 15
1 18557 13
1 18664 49
1 18681 11
1 3780 37
1 7624 34
1 7623 48
1 3777 12
1 3776 26
1 1224 34
1 18714 32
1 7633 46
1 7632 23
1 7608 13
1 7640 9
1 7643 31
1 7642 15
1 18739 40
1 18753 6
1 7634 11
1 7660 11
1 7654 36
1 7655 33
1 1063 29
1 250 43
1 18811 3
1 18758 43
1 223 38
1 18831 11
1 7687 39
1 7697 27
1 3786 26
1 18832 2
1 18855 25
1 7699 36
1 2511 39
1 7707 9
1 345 33
1 7706 50
1 1855 34
1 18896 17
1 7726 32
1 7723 30
1 7730 40
1 7725 44
1 7721 38
1 18900 20
1 1854 8
1 18856 28
1 7680 26
1 18968 19
1 18955 39
1 2512 12
1 18945 2
1 765 17
1 4702 4
1 19234 4
1 19378 9
1 1067 42
1 459 15
1 3857 48
1 19446 18
1 3866 40
1 19146 49
1 3870 43
1 8018 26
1 19519 37
1 365 1
1 8026 8
1 19571 37
1 3876 35
1 19558 25
1 19629 18
1 8046 15
1 8061 15
1 3892 12
1 4786 3
1 8072 35
1 2068 20
1 19746 30
1 954 10
1 8056 38
1 8050 18
1 19766 22
1 19808 39
1 19812 35
1 3907 26
1 8094 43
1 2895 43
1 19836 17
1 1233 8
1 462 40
1 3875 35
1 8107 48
1 1877 39
1 1478 27
1 2564 23
1 8126 25
1 8127 28
1 3914 31
1 19894 12
1 19927 13
1 3913 6
1 8153 29
1 19951 27
1 19963 20
1 19958 41
1 3915 29
1 3919 4
1 8166 10
1 3917 9
1 1479 13
1 12073 48
1 20011 27
1 589 35
1 8163 37
1 20036 11
1 2567 10
1 20065 30
1 20069 4
1 8193 27
1 20072 37
1 788 43
1 8202 11
1 2897 35
1 1882 32
1 8159 37
1 20129 7
1 2568 6
1 8217 14
1 3928 38
1 20140 18
1 20143 27
1 1884 43
1 8216 46
1 8236 3
1 3930 12
1 3929 37
1 8228 32
1 20100 15
1 20175 46
1 1570 40
1 20213 28
1 20201 44
1 8254 17
1 20218 13
1 8260 30
1 8249 27
1 8264 22
1 8266 9
1 4794 31
1 2570 48
1 20172 46
1 1880 23
1 7522 8
1 8272 30
1 20282 4
1 12082 45
1 20293 37
1 20343 10
1 3939 8
1 8285 24
1 20356 28
1 3943 34
1 8316 16
1 20380 23
1 3940 37
1 8320 28
1 8313 10
1 8299 18
1 2578 42
1 8330 5
1 20449 8
1 3945 20
1 20458 49
1 312 24
1 8340 32
1 543 28
1 845 1
1 20504 4
1 20509 37
1 12085 31
1 844 1
1 20427 32
1 4795 4
1 12090 9
1 20570 11
1 956 8
1 141 3
1 3961 47
1 1482 18
1 8384 11
1 20598 20
1 3962 45
1 20655 45
1 20681 36
1 2584 18
1 20660 31
1 8410 13
1 2587 27
1 8408 49
1 20642 5
1 20722 32
1 12092 6
1 20727 24
1 8431 30
1 8433 30
1 20731 6
1 20774 7
1 8421 30
1 591 9
1 21228 43
1 1485 11
1 21244 10
1 8458 25
1 12100 14
1 8420 18
1 1893 36
1 8613 21
1 21288 20
1 4021 32
1 21293 38
1 21309 31
1 1079 2
1 2609 33
1 2905 25
1 1902 38
1 511 50
1 8654 6
1 2906 50
1 313 26
1 2612 4
1 8674 5
1 21492 7
1 21611 10
1 8710 29
1 8724 36
1 1489 39
1 21676 34
1 1487 43
1 1909 19
1 21451 43
1 21730 36
1 1084 29
1 21774 2
1 4050 10
1 8735 43
1 2628 20
1 21795 46
1 21786 14
1 1492 40
1 8764 27
1 21832 2
1 8768 20
1 8766 29
1 21839 34
1 8779 44
1 2632 17
1 8778 33
1 8775 49
1 774 17
1 21850 8
1 21854 3
1 1493 21
1 21869 15
1 8789 13
1 21875 49
1 21883 1
1 1256 2
1 2631 33
1 8803 43
1 4673 20
1 8796 26
1 8419 29
1 8267 49
1 775 28
1 1918 39
1 4064 42
1 8808 47
1 2634 34
1 1494 5
1 8813 36
1 4067 11
1 8826 6
1 1085 6
1 4069 40
1 8832 39
1 1257 50
1 8805 6
1 8804 21
1 21901 49
1 8842 22
1 22011 29
1 22013 1
1 22023 43
1 22027 43
1 22035 13
1 8855 42
1 8865 43
1 8872 14
1 4079 25
1 22120 36
1 8878 34
1 22145 50
1 22149 14
1 4081 33
1 854 27
1 22142 3
1 1922 24
1 22155 24
1 22184 36
1 2640 28
1 8888 9
1 2638 47
1 4085 34
1 8897 15
1 8893 36
1 8892 22
1 12125 14
1 22207 42
1 22212 42
1 8900 12
1 8882 14
1 1921 21
1 7736 13
1 18337 6
1 1838 13
1 919 25
1 4092 48
1 22236 5
1 8913 39
1 22259 22
1 12126 41
1 4819 22
1 8920 22
1 1926 5
1 8926 4
1 22354 48
1 2654 7
1 22359 28
1 1089 22
1 389 43
1 8996 6
1 8978 31
1 124 39
1 4823 39
1 22541 45
1 22600 25
1 22621 10
1 4131 8
1 22704 16
1 4141 2
1 22703 20
1 9040 30
1 1937 22
1 4145 32
1 22768 35
1 22746 34
1 4147 7
1 2662 33
1 2641 39
1 9068 45
1 22799 5
1 4152 30
1 22801 17
1 9066 26
1 9083 34
1 9082 21
1 22824 24
1 4154 40
1 4155 48
1 9087 45
1 22843 32
1 9097 3
1 22867 25
1 4160 21
1 22886 41
1 4161 19
1 22890 45
1 2671 1
1 9107 27
1 22901 11
1 9113 2
1 1267 47
1 9106 40
1 1940 23
1 1939 28
1 22950 25
1 4826 7
1 1944 34
1 22957 8
1 9135 46
1 1942 29
1 961 12
1 9078 25
1 9147 45
1 9154 37
1 9155 8
1 9146 16
1 4166 10
1 23032 47
1 9162 13
1 23026 5
1 9158 29
1 23036 16
1 4169 29
1 9178 49
1 4174 6
1 2675 48
1 9172 44
1 9184 6
1 4828 25
1 4177 5
1 23144 8
1 473 21
1 9197 45
1 23099 30
1 9204 49
1 9209 19
1 4181 37
1 1315 33
1 23195 26
1 4182 32
1 1946 11
1 23217 37
1 710 6
1 4188 6
1 81 24
1 1947 14
1 9203 21
1 9241 33
1 9240 11
1 4189 33
1 9249 38
1 23314 39
1 4191 49
1 23298 16
1 9266 38
1 23317 5
1 9253 13
1 23331 32
1 2681 10
1 9272 38
1 23354 36
1 23338 18
1 9270 8
1 260 30
1 9287 47
1 9288 6
1 9286 49
1 23394 34
1 4200 38
1 9285 25
1 23413 16
1 1270 48
1 23431 12
1 1269 21
1 23455 4
1 23465 35
1 23450 35
1 9313 24
1 9311 18
1 9308 45
1 281 7
1 2074 5
1 9321 34
1 9318 5
1 9322 20
1 4207 22
1 2685 9
1 9143 33
1 23583 4
1 23654 19
1 9353 20
1 23662 40
1 779 36
1 2686 28
1 1092 20
1 23640 33
1 23667 33
1 9345 18
1 277 17
1 23536 21
1 23671 43
1 9357 32
1 2687 19
1 2688 4
1 9363 3
1 9366 22
1 9362 38
1 1953 37
1 23713 45
1 2910 6
1 1271 32
1 1948 2
1 9275 10
1 409 15
1 22973 7
1 9374 30
1 23765 37
1 4847 16
1 23796 13
1 12182 40
1 4228 34
1 23880 33
1 23767 29
1 9426 20
1 9427 10
1 9417 48
1 1509 3
1 2672 43
1 2699 16
1 4236 19
1 711 13
1 24023 8
1 24069 50
1 9467 31
1 4245 12
1 9458 2
1 4253 2
1 24167 49
1 24196 39
1 1272 47
1 2709 5
1 9542 20
1 9546 49
1 2714 14
1 24232 35
1 24411 5
1 24424 44
1 12202 21
1 24520 20
1 9600 6
1 24611 10
1 24619 4
1 1976 39
1 24703 39
1 24669 23
1 24806 48
1 9665 36
1 9678 26
1 24838 41
1 482 2
1 1519 44
1 9626 3
1 24608 9
1 24876 43
1 9684 33
1 24859 20
1 24877 45
1 596 35
1 712 19
1 12184 33
1 4216 32
1 4319 23
1 4320 3
1 2732 30
1 1275 37
1 9703 37
1 4322 35
1 24918 30
1 9697 7
1 24890 4
1 9709 36
1 4863 16
1 2733 8
1 24942 25
1 24944 4
1 9714 31
1 24946 23
1 2734 40
1 24998 6
1 9725 13
1 25003 41
1 24969 49
1 9711 15
1 597 50
1 9731 42
1 25035 48
1 663 19
1 9727 36
1 25010 33
1 4317 38
1 8901 19
1 9741 14
1 2736 11
1 25091 21
1 9755 44
1 25104 47
1 1982 7
1 25077 28
1 25120 27
1 25122 13
1 9764 32
1 4339 13
1 4336 29
1 1277 39
1 9756 37
1 4335 33
1 25051 19
1 25166 9
1 9782 23
1 9781 24
1 9789 21
1 1522 13
1 25163 23
1 25241 36
1 9798 13
1 25229 14
1 9793 33
1 25290 32
1 25279 50
1 2740 15
1 9814 19
1 25297 19
1 25330 29
1 25326 29
1 25335 39
1 9828 22
1 25319 26
1 1987 46
1 25336 49
1 9835 2
1 25362 9
1 9834 30
1 781 15
1 863 38
1 1580 19
1 1523 1
1 2742 21
1 1122 37
1 25902 10
1 25988 43
1 25964 11
1 10147 30
1 10150 6
1 26000 33
1 4401 16
1 26094 18
1 4880 47
1 288 48
1 26095 49
1 26140 47
1 10181 13
1 26173 18
1 26174 15
1 2924 41
1 26250 46
1 26239 4
1 26194 13
1 1529 21
1 26274 49
1 26462 11
1 26387 23
1 4881 8
1 26473 41
1 10266 37
1 26503 45
1 2009 9
1 26547 38
1 26588 16
1 26537 45
1 26599 47
1 10297 8
1 26536 6
1 26619 27
1 26634 13
1 4466 39
1 26615 42
1 26478 31
1 4435 35
1 2747 40
1 26692 29
1 26704 31
1 10330 3
1 10334 46
1 10338 45
1 4886 44
1 10331 42
1 26714 48
1 4471 6
1 26757 13
1 2926 47
1 10355 16
1 1581 36
1 12239 5
1 26777 6
1 2781 23
1 4473 50
1 10356 15
1 25246 10
1 26790 15
1 26789 10
1 4478 7
1 26816 22
1 10375 15
1 4476 34
1 4481 35
1 26819 3
1 10364 26
1 26795 15
1 26896 38
1 26929 16
1 26914 44
1 26890 18
1 10400 18
1 26994 39
1 4487 13
1 26982 11
1 27011 31
1 10413 11
1 26953 16
1 26931 43
1 27023 8
1 27089 32
1 27108 29
1 27097 12
1 27134 38
1 27126 1
1 27199 11
1 27179 2
1 169 10
1 27253 26
1 2785 12
1 10475 17
1 10482 47
1 10500 26
1 10491 50
1 27330 32
1 2014 29
1 10528 26
1 4892 46
1 10421 16
1 315 41
1 27659 39
1 27653 34
1 10537 8
1 10585 28
1 27754 46
1 4524 19
1 10613 8
1 10602 6
1 4530 35
1 27889 1
1 27886 13
1 28079 16
1 714 29
1 28283 25
1 10694 4
1 28300 30
1 28180 36
1 870 6
1 2089 39
1 12311 11
1 28428 17
1 28478 6
1 28582 8
1 28515 43
1 4903 6
1 28715 39
1 4564 21
1 28651 31
1 29131 34
1 10895 37
1 10915 21
1 29230 23
1 10918 20
1 2937 28
1 10934 50
1 10925 16
1 29409 47
1 29493 8
1 10924 21
1 2030 31
1 29587 9
1 29712 34
1 29588 47
1 2091 37
1 12347 9
1 30023 1
1 30027 17
1 11161 44
1 4628 6
1 372 6
1 29561 5
1 28735 23
1 4552 11
1 2016 12
1 11183 15
1 11182 16
1 30106 50
1 30112 36
1 30102 46
1 30128 33
1 11223 23
1 30199 17
1 11209 5
1 30133 42
1 30117 44
1 227 5
1 30227 7
1 11229 41
1 30260 12
1 97 28
1 11230 21
1 30296 20
1 30274 12
1 2839 17
1 11244 7
1 4636 20
1 30264 18
1 30359 23
1 30358 14
1 11250 23
1 30371 29
1 30390 18
1 30398 45
1 30373 39
1 2038 29
1 30370 10
1 11247 5
1 30326 28
1 2036 46
1 1113 50
1 11265 11
1 30204 18
1 30047 16
1 27014 16
1 30456 9
1 11275 10
1 11283 20
1 11281 16
1 30481 50
1 11272 32
1 30447 44
1 30499 21
1 30501 2
1 30618 5
1 30700 38
1 30857 8
1 30682 25
1 30630 5
1 30613 31
1 11402 38
1 31066 27
1 4645 9
1 31109 5
1 31250 22
1 2846 48
1 19 34
1 11460 32
1 31687 2
1 11546 11
1 4663 27
1 31771 2
1 31566 22
1 31832 44
1 11552 18
1 2099 37
1 12421 3
1 32120 27
1 4937 6
1 4939 19
1 1128 27
1 415 37
1 2954 12
1 4941 48
1 12431 38
1 4945 16
1 4938 35
1 210 46
1 32288 40
1 151 39
1 11747 27
1 441 28
1 12487 16
1 12513 36
1 12489 33
1 665 38
1 614 33
1 2960 16
1 1610 20
1 12526 35
1 176 27
1 11608 46
1 12426 36
1 11292 48
1 30521 40
1 2851 3
1 4995 35
1 1328 42
1 615 30
1 2986 40
1 12588 11
1 373 7
1 1612 27
1 5010 22
1 12597 4
1 994 15
1 793 37
1 1614 38
1 1329 10
1 726 27
1 302 27
1 5016 37
1 792 5
1 5008 43
1 317 22
1 12607 37
1 1133 30
1 1555 5
1 11285 3
1 26867 49
1 9791 40
1 2118 30
1 2117 45
1 794 25
1 1134 28
1 2123 34
1 12646 28
1 5033 12
1 12635 26
1 795 8
1 12626 2
1 1135 36
1 727 14
1 3002 28
1 416 8
1 5041 18
1 3010 42
1 284 45
1 12705 6
1 673 2
1 5072 21
1 5071 32
1 3019 38
1 2130 26
1 11654 25
1 418 10
1 5070 13
1 374 5
1 58 15
1 1333 15
1 5078 4
1 5077 4
1 5080 45
1 12767 48
1 3024 29
1 3026 22
1 5096 32
1 5092 7
1 977 34
1 5103 8
1 1336 14
1 5104 35
1 12781 44
1 3030 28
1 2139 13
1 5112 1
1 1639 45
1 2141 5
1 999 45
1 1640 1
1 2153 6
1 12896 16
1 2154 33
1 2155 44
1 495 41
1 2151 7
1 3050 3
1 1630 4
1 4323 11
1 3053 18
1 11781 18
1 12919 14
1 4721 21
1 12926 13
1 3061 12
1 11628 50
1 517 35
1 12945 44
1 3063 6
1 5176 18
1 5179 1
1 1647 19
1 12978 3
1 5196 45
1 131 47
1 114 16
1 1149 46
1 98 42
1 369 20
1 3091 41
1 111 42
1 1352 26
1 3098 6
1 3095 24
1 2178 19
1 5235 47
1 449 30
1 36 22
1 1666 1
1 69 41
1 161 40
1 13169 18
1 5249 4
1 3106 10
1 1353 31
1 398 16
1 628 9
1 5260 15
1 11661 9
1 13232 15
1 1670 33
1 4686 10
1 13245 33
1 897 35
1 257 5
1 5299 30
1 5295 50
1 3113 50
1 11662 21
1 1674 20
1 85 40
1 3116 12
1 5302 45
1 214 46
1 37 35
1 11663 14
1 268 43
1 34 15
1 3162 36
1 633 43
1 197 5
1 5185 25
1 3193 11
1 3195 9
1 5534 35
1 1708 42
1 100 24
1 13627 44
1 5515 6
1 320 32
1 296 8
1 5684 38
1 737 42
1 1715 41
1 684 22
1 5727 46
1 685 20
1 8 22
1 167 46
1 112 40
1 75 42
1 1737 36
1 1743 2
1 1552 37
1 688 31
1 424 36
1 139 50
1 1184 24
1 3362 50
1 917 36
1 11851 17
1 916 4
1 6045 10
1 363 28
1 120 12
1 20 45
1 740 19
1 360 36
1 1713 38
1 206 24
1 1753 18
1 381 46
1 2307 12
1 6156 9
1 6206 36
1 6253 34
1 3404 5
1 1188 6
1 6269 5
1 238 50
1 6284 46
1 1758 47
1 1189 35
1 15497 47
1 3435 33
1 692 16
1 1770 32
1 1767 33
1 1779 40
1 1760 32
1 16159 18
1 4696 6
1 753 36
1 1422 28
1 6562 34
1 755 48
1 1424 23
1 2373 2
1 174 33
1 436 10
1 1788 26
1 6525 50
1 3492 6
1 351 37
1 1803 9
1 16877 42
1 221 20
1 17008 13
1 311 47
1 3434 25
1 15151 13
1 17262 42
1 4768 21
1 7077 47
1 216 39
1 17378 4
1 1055 13
1 17640 21
1 7218 36
1 3656 2
1 2065 2
1 3701 4
1 158 8
1 125 37
1 1057 32
1 7380 41
1 7363 35
1 84 4
1 456 43
1 1460 17
1 1843 14
1 259 18
1 1222 16
1 3724 19
1 3745 4
1 481 24
1 208 10
1 18608 23
1 4776 37
1 657 7
1 1463 48
1 7566 49
1 1853 49
1 86 18
1 554 46
1 7676 37
1 875 22
1 8095 8
1 3890 7
1 8130 7
1 2069 10
1 700 9
1 2563 11
1 461 17
1 333 46
1 4793 42
1 2571 8
1 1888 30
1 8397 46
1 8333 50
1 12120 46
1 4048 10
1 50 17
1 3933 12
1 709 29
1 8780 21
1 21915 36
1 22225 38
1 388 44
1 22775 22
1 9072 45
1 465 41
1 22833 21
1 22827 44
1 960 9
1 1259 16
1 21882 30
1 1090 30
1 348 24
1 80 37
1 23245 37
1 23384 33
1 280 46
1 4192 47
1 9191 49
1 145 41
1 1917 39
1 19982 7
1 18147 20
1 7090 35
1 4209 6
1 9369 16
1 96 44
1 983 23
1 159 27
1 862 22
1 4240 43
1 6 13
1 103 10
1 9800 36
1 225 35
1 26527 5
1 26685 26
1 2011 5
1 945 48
1 4510 34
1 1533 21
1 60 28
1 2931 14
1 10751 44
1 785 15
1 5879 50
1 29287 26
1 784 10
1 516 47
1 4455 25
1 2921 50
1 25169 36
1 22 31
1 30126 20
1 11199 20
1 165 37
1 106 36
1 1545 14
1 30103 9
1 593 13
1 32287 35
1 670 1
1 2101 25
1 989 45
1 4971 37
1 491 9
1 61 49
1 2111 12
1 1131 14
1 2108 47
1 1330 46
1 177 34
1 1618 24
1 39 10
1 3004 27
1 264 38
1 445 9
1 417 2
1 444 48
1 1627 6
1 12653 27
1 256 47
1 3 41
1 5017 7
1 885 17
1 303 11
1 12761 44
1 304 2
1 5156 24
1 494 2
1 729 14
1 72 9
1 1141 3
1 150 39
1 1345 3
1 3054 39
1 337 48
1 496 2
1 105 1
1 110 11
1 419 48
1 154 47
1 13081 44
1 228 21
1 1144 6
1 1668 21
1 1152 9
1 53 15
1 307 22
1 33 6
1 420 20
1 136 49
1 395 3
1 211 11
1 11610 6
1 9327 20
1 7017 21
2 35 49
2 10 22
2 18 44
2 27 50
2 5 35
2 21 3
2 3191 3
2 5592 24
2 3224 6
2 3226 41
2 3292 21
2 1731 7
2 5827 42
2 3306 31
2 6155 5
2 2304 38
2 129 25
2 2327 26
2 1417 44
2 6521 45
2 370 34
2 7059 8
2 7078 17
2 2444 40
2 7103 28
2 7110 15
2 3653 42
2 3667 38
2 7226 21
2 7241 11
2 7252 9
2 1842 19
2 5629 32
2 1847 2
2 7526 18
2 2511 17
2 767 5
2 2538 20
2 8004 41
2 3876 10
2 8101 11
2 3929 11
2 3945 16
2 8432 2
2 8634 42
2 8898 20
2 545 40
2 1500 17
2 22857 45
2 2673 34
2 1501 12
2 4169 29
2 9275 41
2 9286 28
2 720 18
2 1505 19
2 2672 43
2 9558 9
2 9593 7
2 9779 13
2 4343 20
2 9813 15
2 10143 31
2 4476 2
2 10435 17
2 10475 49
2 10529 19
2 10582 21
2 4524 19
2 10889 9
2 2933 30
2 11230 30
2 2839 19
2 11295 45
2 11395 32
2 4655 11
2 11543 15
2 1297 22
2 2036 27
2 725 10
2 3009 5
2 5222 38
2 1352 38
2 525 46
2 5506 16
2 3192 5
2 2218 14
2 4688 9
2 13622 14
2 13632 20
2 3202 21
2 900 34
2 3205 34
2 13682 2
2 2219 35
2 402 50
2 163 1
2 813 3
2 13603 20
2 1703 20
2 1169 11
2 2230 49
2 13795 49
2 3216 30
2 13779 44
2 13752 31
2 13807 40
2 13840 9
2 5624 2
2 3220 17
2 5616 18
2 5635 6
2 13868 4
2 13811 5
2 13799 1
2 1704 20
2 3231 10
2 5648 15
2 3238 28
2 13910 23
2 5660 34
2 2236 49
2 13947 7
2 2239 18
2 13950 50
2 13975 41
2 13983 17
2 13973 1
2 13970 44
2 902 37
2 5661 21
2 13992 4
2 3242 36
2 13988 19
2 14004 34
2 13985 30
2 3227 50
2 1171 24
2 14028 38
2 14010 1
2 14041 40
2 2241 5
2 3248 7
2 5704 44
2 14069 10
2 14062 8
2 14083 13
2 5726 19
2 14097 22
2 5735 40
2 14091 42
2 14070 5
2 14129 38
2 14136 48
2 3266 22
2 14151 38
2 14133 39
2 14171 39
2 2868 38
2 14176 32
2 14192 26
2 3258 8
2 5760 36
2 14121 12
2 3271 27
2 14221 19
2 5795 41
2 11811 27
2 309 42
2 3276 28
2 1019 28
2 5813 32
2 1724 33
2 14287 34
2 1726 25
2 3284 42
2 2259 41
2 5834 37
2 1174 11
2 14320 13
2 3289 26
2 14367 2
2 14350 17
2 5831 14
2 14274 50
2 2256 39
2 742 1
2 14477 38
2 553 28
2 14491 39
2 14496 19
2 14500 4
2 14480 47
2 575 4
2 14257 15
2 1734 24
2 3316 23
2 14575 5
2 14570 50
2 14556 15
2 687 33
2 14685 27
2 3332 46
2 11824 15
2 5810 11
2 14244 20
2 5981 7
2 14726 2
2 3337 7
2 14727 17
2 14694 14
2 2281 32
2 14751 18
2 14737 31
2 14731 46
2 14214 17
2 14766 20
2 11841 46
2 1741 5
2 14789 48
2 914 34
2 14042 23
2 6022 1
2 6016 31
2 14814 27
2 6034 15
2 2287 4
2 14841 49
2 14886 20
2 3351 4
2 14899 13
2 1396 2
2 14896 31
2 6063 8
2 14904 17
2 90 41
2 14913 28
2 6081 23
2 2853 42
2 14973 34
2 3366 40
2 15010 6
2 14997 16
2 14962 7
2 1751 37
2 6122 11
2 820 24
2 15061 6
2 6115 6
2 6042 28
2 15162 3
2 6159 40
2 11861 1
2 1186 4
2 6162 21
2 6160 27
2 6169 18
2 15202 24
2 6203 25
2 15264 38
2 6195 28
2 15238 38
2 15183 39
2 2309 8
2 6213 45
2 15316 6
2 15283 48
2 330 23
2 15130 29
2 3382 40
2 5700 6
2 6227 18
2 15355 46
2 15406 21
2 15419 25
2 1756 32
2 6261 31
2 3420 48
2 6259 38
2 15491 37
2 6264 26
2 15434 40
2 15378 27
2 15513 27
2 15562 44
2 15593 47
2 15578 3
2 3433 11
2 15607 21
2 15596 28
2 1761 49
2 15537 48
2 15620 15
2 15631 37
2 1762 5
2 15608 10
2 15699 43
2 15717 3
2 6367 32
2 6346 21
2 2336 43
2 15760 38
2 11676 38
2 15798 39
2 1413 9
2 3469 12
2 535 20
2 15665 40
2 15863 10
2 2345 7
2 6416 26
2 15906 36
2 580 47
2 3472 3
2 11921 12
2 3475 40
2 15913 49
2 15861 14
2 1764 1
2 15525 19
2 6431 42
2 11925 49
2 15985 16
2 15994 6
2 16001 36
2 6459 21
2 16016 16
2 16031 28
2 15996 24
2 11928 47
2 15496 49
2 6475 16
2 16044 35
2 3490 36
2 16056 4
2 1780 43
2 6490 48
2 582 24
2 16084 32
2 16051 7
2 16135 30
2 6520 8
2 426 42
2 454 27
2 16171 10
2 3507 4
2 6541 16
2 1423 8
2 16215 17
2 16197 17
2 16230 27
2 16228 9
2 16245 15
2 16234 43
2 16223 14
2 6526 50
2 11945 14
2 1039 30
2 16286 28
2 16324 37
2 4753 26
2 6614 26
2 16357 3
2 6622 11
2 16358 12
2 16384 7
2 16375 3
2 3529 9
2 16370 30
2 16350 35
2 6603 15
2 1786 10
2 272 42
2 2883 7
2 16755 37
2 16735 2
2 16763 10
2 3595 2
2 16777 10
2 16771 27
2 6884 18
2 16834 36
2 16822 35
2 16846 33
2 16848 29
2 16799 49
2 16789 33
2 16761 42
2 16889 28
2 3610 10
2 6922 29
2 6917 4
2 2423 36
2 16955 31
2 134 15
2 16996 47
2 6955 37
2 2431 17
2 17003 5
2 16990 17
2 16945 2
2 16849 20
2 17035 27
2 17077 44
2 17081 26
2 1814 13
2 17091 45
2 6991 36
2 6964 15
2 406 4
2 1305 13
2 3489 33
2 15337 40
2 17166 48
2 1815 15
2 17170 18
2 17190 47
2 17179 47
2 17175 10
2 17198 24
2 17155 7
2 17207 38
2 17251 28
2 1817 42
2 32331 19
2 17289 42
2 17306 38
2 17338 6
2 17317 9
2 3637 42
2 7055 22
2 17367 10
2 17377 11
2 32373 49
2 3643 3
2 17399 37
2 17395 11
2 17370 48
2 17260 23
2 17443 25
2 17446 1
2 17470 35
2 17450 7
2 17479 40
2 17471 32
2 17445 22
2 3647 8
2 7147 28
2 3646 19
2 17509 18
2 1213 2
2 7153 25
2 17526 5
2 17490 30
2 3650 16
2 17534 24
2 17533 21
2 7166 4
2 17561 29
2 17584 30
2 17544 46
2 17531 1
2 7176 39
2 17624 7
2 1214 49
2 7189 42
2 3658 43
2 7212 10
2 1215 39
2 1056 16
2 17718 35
2 7240 40
2 3673 50
2 17800 42
2 17803 29
2 17820 32
2 17784 13
2 1833 37
2 17887 10
2 7285 31
2 3674 4
2 7204 12
2 17608 6
2 17600 9
2 17922 41
2 17958 22
2 1217 32
2 17973 12
2 3696 25
2 17949 11
2 18050 41
2 12028 21
2 3706 11
2 18080 30
2 18093 27
2 18063 10
2 18105 21
2 18099 20
2 607 20
2 18142 10
2 18136 35
2 18160 4
2 1838 49
2 3718 35
2 18230 45
2 18187 28
2 18119 17
2 7369 8
2 7121 14
2 7441 27
2 7449 39
2 2481 18
2 3729 38
2 2488 44
2 18303 26
2 18304 29
2 18301 15
2 7453 8
2 18342 41
2 18335 40
2 7481 18
2 18353 31
2 18404 10
2 3741 29
2 18419 11
2 18414 37
2 18375 39
2 7465 31
2 18426 6
2 429 8
2 1064 41
2 3751 41
2 18451 11
2 7534 39
2 18479 25
2 7539 6
2 18506 16
2 18505 42
2 18538 13
2 7561 30
2 1849 18
2 18574 1
2 18570 48
2 655 6
2 18596 44
2 1065 24
2 18602 35
2 3767 9
2 7583 31
2 18540 25
2 18521 49
2 3769 49
2 12040 6
2 7607 9
2 18670 28
2 18648 16
2 18643 45
2 18635 17
2 2505 46
2 1851 1
2 18504 24
2 18421 37
2 7625 41
2 18707 35
2 18721 25
2 7636 16
2 18719 40
2 7638 41
2 7627 7
2 7655 2
2 18763 21
2 18757 24
2 18749 3
2 7665 18
2 2510 30
2 18794 47
2 250 41
2 3782 14
2 18733 5
2 18822 22
2 18820 39
2 18806 4
2 18825 21
2 7704 44
2 18864 12
2 18920 48
2 18923 9
2 18918 7
2 18909 14
2 18892 5
2 2513 7
2 19369 38
2 19413 41
2 3858 47
2 7997 22
2 8006 16
2 19455 12
2 786 11
2 8019 7
2 19569 19
2 19500 13
2 8037 27
2 8056 43
2 102 15
2 7745 45
2 18850 22
2 3894 11
2 8091 36
2 699 36
2 19822 16
2 8100 7
2 19840 24
2 19834 20
2 19868 27
2 3911 17
2 1881 32
2 19863 25
2 19919 25
2 19908 38
2 3916 39
2 8156 29
2 8147 45
2 19921 26
2 3914 20
2 8162 41
2 19972 47
2 8172 35
2 11636 3
2 20026 8
2 20024 41
2 19993 22
2 1877 21
2 20030 18
2 20051 14
2 20063 36
2 8183 12
2 19851 35
2 8215 47
2 20113 47
2 20101 20
2 20131 13
2 20163 4
2 8225 43
2 20145 32
2 20167 31
2 20166 10
2 20115 13
2 20196 5
2 2899 34
2 20217 50
2 2569 43
2 20089 13
2 20264 45
2 2570 19
2 20289 32
2 20297 36
2 20296 16
2 20311 17
2 2574 38
2 20335 24
2 20368 8
2 20294 10
2 20285 45
2 8200 25
2 1875 23
2 18824 30
2 8302 37
2 8301 7
2 8319 26
2 3941 34
2 1236 27
2 20402 39
2 8321 38
2 20424 20
2 8332 20
2 20407 18
2 8325 29
2 20371 32
2 8328 23
2 3948 12
2 20437 32
2 20486 16
2 20491 25
2 20484 26
2 20492 34
2 20513 7
2 20508 11
2 20529 49
2 20542 24
2 8353 49
2 2582 23
2 8362 31
2 20579 8
2 20572 17
2 20564 6
2 20547 30
2 20543 46
2 20591 42
2 3958 37
2 8374 22
2 20608 26
2 20615 14
2 20634 10
2 3959 13
2 20645 33
2 1892 30
2 20641 30
2 20650 11
2 20622 11
2 12094 3
2 8373 23
2 20495 43
2 20425 18
2 8400 48
2 20661 19
2 8405 1
2 20664 4
2 20690 30
2 20687 50
2 20676 27
2 20694 29
2 20672 22
2 20709 7
2 8413 37
2 2589 38
2 8425 13
2 8426 17
2 20739 34
2 20715 5
2 20746 3
2 20747 5
2 3972 30
2 2596 16
2 4021 15
2 4019 42
2 21298 49
2 21280 44
2 21231 22
2 21327 9
2 1901 5
2 21363 24
2 4027 32
2 8665 48
2 8654 41
2 21387 29
2 21500 16
2 21507 42
2 21517 33
2 21530 46
2 959 41
2 2610 9
2 21564 24
2 4816 13
2 21567 16
2 8704 10
2 21623 50
2 1083 29
2 8693 26
2 4049 34
2 21735 33
2 21740 29
2 21720 39
2 168 12
2 20749 45
2 8753 3
2 21754 4
2 21752 44
2 2586 47
2 1492 26
2 8763 3
2 21812 1
2 21807 50
2 21806 34
2 8768 49
2 21800 41
2 21799 13
2 21827 14
2 21840 32
2 21836 45
2 21863 10
2 21867 23
2 21874 4
2 8792 33
2 21877 35
2 21914 20
2 4061 43
2 8780 35
2 21841 49
2 4067 19
2 21951 18
2 21943 31
2 21930 48
2 21954 6
2 21996 42
2 21990 43
2 8819 9
2 2631 46
2 1495 36
2 4073 5
2 4072 22
2 8840 38
2 22080 6
2 1574 21
2 8858 22
2 22126 4
2 21999 11
2 22137 34
2 22140 18
2 22131 42
2 22144 29
2 8882 27
2 22150 15
2 22162 33
2 22156 10
2 22130 49
2 20698 3
2 4084 3
2 22187 34
2 4090 1
2 22213 21
2 4091 1
2 4080 31
2 22292 19
2 22262 7
2 4108 23
2 22369 11
2 4102 15
2 1262 19
2 22405 46
2 22449 20
2 856 40
2 22466 34
2 22485 25
2 4120 10
2 8958 5
2 22408 29
2 22544 21
2 22588 39
2 22596 46
2 2666 13
2 22670 18
2 9037 22
2 22702 27
2 22706 1
2 9057 32
2 22764 26
2 9056 3
2 22701 34
2 4140 9
2 8993 4
2 1938 5
2 22811 10
2 9077 35
2 22804 23
2 22828 17
2 22880 8
2 22879 33
2 961 32
2 22777 26
2 22885 29
2 22909 1
2 22908 16
2 22907 13
2 22906 26
2 22905 25
2 22904 17
2 22903 4
2 22916 46
2 9114 6
2 9125 50
2 9123 8
2 22975 23
2 22882 22
2 8945 34
2 22214 23
2 8886 3
2 3963 10
2 7615 26
2 23008 36
2 23010 18
2 22992 29
2 2674 41
2 22988 28
2 9163 14
2 9160 13
2 9168 44
2 23050 21
2 23051 46
2 4171 25
2 2071 46
2 4173 25
2 23067 26
2 23054 12
2 9154 37
2 9200 1
2 23120 37
2 23118 4
2 4177 5
2 23145 32
2 9204 9
2 23152 4
2 4178 39
2 4179 32
2 23138 26
2 23130 23
2 23100 5
2 9214 28
2 1315 32
2 23183 31
2 23181 14
2 2679 49
2 23184 10
2 23204 4
2 23207 27
2 9220 23
2 23214 17
2 9232 20
2 23246 43
2 23275 12
2 23292 45
2 23268 39
2 9242 37
2 23248 20
2 23235 50
2 23345 23
2 23336 21
2 9278 36
2 260 27
2 9273 26
2 23330 17
2 9267 36
2 23210 30
2 23376 6
2 23372 18
2 9213 5
2 22985 28
2 23417 22
2 1269 32
2 4201 9
2 9294 3
2 2683 46
2 23428 8
2 23454 12
2 23473 50
2 2684 34
2 23470 35
2 4838 16
2 23498 4
2 23483 28
2 23474 28
2 23457 48
2 9318 16
2 23524 14
2 23521 18
2 1271 16
2 23527 37
2 9320 38
2 23559 2
2 23577 14
2 1950 14
2 9338 19
2 9335 49
2 23568 43
2 9326 24
2 23632 16
2 1943 47
2 9346 2
2 23621 38
2 23672 29
2 2687 11
2 779 40
2 23719 25
2 9371 18
2 23741 2
2 1955 24
2 23764 2
2 23782 36
2 9393 39
2 4225 5
2 4228 14
2 1506 17
2 23742 3
2 23731 30
2 23921 31
2 4229 20
2 23878 45
2 23948 17
2 23945 8
2 2702 47
2 23992 30
2 1510 21
2 24228 15
2 24209 29
2 24201 14
2 24251 39
2 9535 44
2 1316 11
2 4269 40
2 24295 31
2 24284 39
2 9548 50
2 9552 21
2 24340 13
2 24316 18
2 2712 23
2 24382 37
2 24397 19
2 4282 9
2 24391 25
2 24472 24
2 24486 22
2 24651 42
2 24636 26
2 24617 1
2 9641 22
2 24661 45
2 24477 46
2 24373 39
2 24255 2
2 9656 42
2 9649 18
2 24773 23
2 4307 6
2 24833 47
2 24841 36
2 24834 44
2 24860 40
2 24775 46
2 24871 34
2 24869 21
2 9686 35
2 24886 33
2 24881 42
2 2856 48
2 9699 1
2 1275 14
2 24896 34
2 9368 19
2 24921 22
2 9704 9
2 24928 42
2 9705 44
2 2732 50
2 23638 18
2 597 44
2 24949 22
2 24938 12
2 24960 40
2 24957 10
2 24956 14
2 24965 31
2 24967 28
2 24983 36
2 9702 37
2 24964 24
2 25002 22
2 4328 31
2 24997 13
2 9730 18
2 9740 14
2 9734 34
2 9747 2
2 25074 47
2 25059 25
2 25086 49
2 25081 47
2 25087 39
2 25093 33
2 25105 16
2 25124 11
2 2737 41
2 4334 8
2 1982 4
2 25019 41
2 25138 25
2 4326 48
2 24930 12
2 23426 37
2 9767 37
2 25152 21
2 4342 50
2 4341 18
2 9793 48
2 9786 36
2 25222 4
2 25153 22
2 25228 8
2 25224 34
2 4349 35
2 9815 25
2 9823 47
2 25314 18
2 25317 26
2 25345 44
2 1990 43
2 4369 24
2 2742 40
2 25454 32
2 1523 7
2 9831 5
2 25309 42
2 9796 47
2 12247 13
2 25580 46
2 12253 37
2 2919 37
2 4873 44
2 713 49
2 25943 23
2 25969 31
2 26003 19
2 10132 22
2 10124 48
2 26050 17
2 2766 8
2 26067 1
2 10155 38
2 26100 15
2 26086 35
2 4429 22
2 26126 39
2 26166 31
2 26193 40
2 26198 15
2 26272 25
2 26227 33
2 26219 39
2 26211 14
2 26207 14
2 26195 45
2 26363 19
2 26357 6
2 10190 41
2 4447 31
2 10233 2
2 2008 28
2 26287 17
2 26068 45
2 26491 26
2 4457 40
2 10283 26
2 26522 45
2 1283 12
2 26498 23
2 4451 12
2 26565 19
2 10295 24
2 10290 49
2 26563 34
2 26587 8
2 26589 21
2 26609 22
2 26632 39
2 26630 10
2 4465 37
2 26604 13
2 26583 42
2 26657 25
2 26666 27
2 26665 6
2 26690 19
2 26669 45
2 26648 11
2 26582 10
2 10285 26
2 1582 12
2 10334 37
2 26715 43
2 10337 7
2 26737 13
2 1531 32
2 26696 32
2 10372 7
2 26813 43
2 26818 5
2 10374 18
2 26814 12
2 26812 28
2 26782 17
2 26821 45
2 26846 35
2 26823 37
2 26850 17
2 4484 23
2 26863 47
2 26861 4
2 26877 36
2 26886 39
2 26879 28
2 26895 12
2 10389 45
2 26847 46
2 26901 7
2 26905 5
2 26927 5
2 26946 33
2 26957 17
2 10410 42
2 26993 25
2 26954 24
2 27004 5
2 27021 7
2 27000 6
2 27091 12
2 10462 50
2 27311 10
2 27235 29
2 10493 12
2 10451 37
2 27358 46
2 10498 7
2 27380 22
2 27406 33
2 27434 24
2 27439 45
2 12300 30
2 27510 27
2 27498 30
2 27425 19
2 27359 4
2 27530 42
2 27592 13
2 27641 50
2 27652 48
2 987 18
2 10556 4
2 27346 31
2 27722 35
2 27725 46
2 27737 5
2 27759 8
2 10593 50
2 27821 12
2 10611 14
2 1589 11
2 27898 11
2 27897 23
2 27912 40
2 4535 23
2 27924 10
2 27975 36
2 27986 29
2 28008 32
2 10636 18
2 2806 2
2 28057 26
2 28076 47
2 28083 28
2 28063 6
2 28130 15
2 28118 31
2 28210 48
2 10696 28
2 10713 30
2 28262 46
2 28312 45
2 10720 34
2 715 26
2 28330 29
2 28315 29
2 28204 31
2 27868 37
2 28377 29
2 28390 42
2 10732 50
2 28401 39
2 10762 3
2 28427 22
2 10772 29
2 28530 25
2 28512 32
2 28399 14
2 28640 3
2 10796 13
2 28672 32
2 28665 4
2 10781 39
2 28804 29
2 28872 32
2 28849 44
2 28833 44
2 10870 12
2 28999 42
2 28874 21
2 29069 42
2 29065 37
2 29090 15
2 29116 25
2 29123 12
2 29311 43
2 29278 4
2 2936 43
2 29492 30
2 29430 32
2 29523 34
2 29322 29
2 4593 21
2 29277 36
2 29162 1
2 29093 50
2 29010 11
2 28754 32
2 28679 13
2 29559 13
2 2825 44
2 29583 45
2 29616 17
2 11045 33
2 12346 23
2 10984 48
2 12317 26
2 27719 16
2 29984 10
2 4631 18
2 30033 36
2 30022 1
2 30035 4
2 29996 1
2 29989 26
2 27026 16
2 26898 44
2 30042 29
2 30041 8
2 30064 23
2 11193 11
2 30061 42
2 30097 1
2 30093 32
2 30087 28
2 30083 1
2 30054 31
2 30108 38
2 30124 33
2 30130 44
2 30116 1
2 30151 26
2 30155 38
2 30138 17
2 11217 9
2 30158 11
2 11222 15
2 30169 35
2 30184 26
2 30183 24
2 11213 2
2 11198 11
2 30230 25
2 30219 5
2 30246 12
2 30212 50
2 30193 21
2 30255 5
2 30309 28
2 11240 29
2 30311 27
2 30266 39
2 30247 20
2 30037 27
2 30323 20
2 30330 47
2 30363 28
2 30347 1
2 30334 34
2 11255 10
2 11256 45
2 30369 34
2 30404 36
2 30421 32
2 30430 1
2 30426 44
2 30412 42
2 11174 15
2 11267 28
2 30396 18
2 30453 39
2 30460 29
2 30458 29
2 30452 13
2 30448 34
2 30473 40
2 11277 12
2 30487 5
2 30480 44
2 30498 40
2 30494 33
2 30505 20
2 30534 28
2 30504 2
2 30477 47
2 30463 48
2 30374 49
2 30557 24
2 30601 48
2 30752 32
2 30783 34
2 30715 42
2 30699 16
2 30950 20
2 31021 24
2 11407 16
2 30970 13
2 31059 16
2 31039 31
2 31085 41
2 31075 34
2 31038 19
2 31116 19
2 11434 12
2 31272 32
2 31199 3
2 31162 1
2 31152 43
2 31298 7
2 31114 44
2 4643 32
2 30815 40
2 30553 14
2 31365 10
2 31384 42
2 31514 11
2 11478 7
2 31461 40
2 31448 34
2 31433 5
2 11467 21
2 31624 18
2 31646 47
2 31664 37
2 31618 37
2 11495 21
2 31766 2
2 31815 49
2 31798 37
2 11542 33
2 31908 40
2 31858 20
2 31750 1
2 11535 8
2 30544 31
2 30537 32
2 31994 11
2 2952 31
2 4669 25
2 4936 18
2 2953 25
2 32195 7
2 32082 7
2 31959 39
2 12430 16
2 2958 48
2 12451 49
2 12449 23
2 11745 37
2 11649 33
2 2965 28
2 2970 8
2 12500 50
2 1608 24
2 2971 44
2 2106 36
2 992 44
2 12523 46
2 665 35
2 12527 30
2 4977 28
2 176 25
2 30367 50
2 30318 28
2 4472 32
2 1609 30
2 12586 10
2 12591 43
2 12598 11
2 12606 34
2 12613 10
2 11612 35
2 1134 41
2 12618 17
2 12631 23
2 994 6
2 11753 15
2 416 22
2 673 29
2 12734 1
2 2129 4
2 2127 6
2 12739 9
2 12753 3
2 974 30
2 3029 2
2 3026 39
2 1559 24
2 3033 47
2 12805 24
2 3024 3
2 12929 24
2 2159 48
2 2154 3
2 11782 2
2 5178 30
2 5181 32
2 12981 12
2 12948 23
2 517 42
2 3071 46
2 12997 32
2 2166 27
2 13016 36
2 2167 49
2 3078 50
2 114 42
2 3079 13
2 369 21
2 13076 20
2 1665 14
2 5227 24
2 12986 25
2 13121 22
2 13126 27
2 13153 4
2 3104 24
2 5251 16
2 2183 27
2 13200 21
2 13199 40
2 5259 30
2 5254 45
2 2180 37
2 13249 32
2 13263 46
2 808 17
2 3116 14
2 422 8
2 1673 39
2 5300 5
2 13224 3
2 5171 21
2 1344 32
2 2976 38
2 4339 19
2 9284 31
2 13598 29
2 3206 32
2 1699 1
2 5556 48
2 5568 45
2 2225 25
2 13776 23
2 2220 17
2 269 1
2 13812 27
2 13931 41
2 3243 17
2 737 4
2 5675 11
2 13872 6
2 5610 34
2 14105 5
2 5739 42
2 3259 16
2 14114 1
2 14092 9
2 3267 29
2 1388 8
2 500 47
2 14198 34
2 360 10
2 5774 18
2 297 15
2 5793 48
2 14327 37
2 14305 45
2 5871 27
2 5882 18
2 14386 46
2 14443 25
2 5909 13
2 907 20
2 128 48
2 5808 30
2 147 21
2 739 24
2 718 20
2 14539 37
2 112 28
2 11830 30
2 819 43
2 5970 11
2 5963 35
2 404 35
2 2282 26
2 14829 35
2 14843 43
2 14906 5
2 3348 43
2 120 40
2 3354 38
2 3362 3
2 15105 7
2 3376 3
2 3370 50
2 6120 44
2 3386 48
2 3395 26
2 15191 12
2 15298 43
2 1402 1
2 15440 24
2 2314 13
2 6284 48
2 822 4
2 2310 34
2 15173 21
2 15117 23
2 6064 20
2 11823 49
2 3263 3
2 15551 12
2 15757 9
2 15804 37
2 2337 47
2 15925 35
2 3470 22
2 1419 39
2 15840 40
2 15951 14
2 383 28
2 6439 27
2 15977 16
2 3491 35
2 6474 30
2 2355 15
2 15998 28
2 16133 27
2 3498 41
2 1420 39
2 157 19
2 3442 41
2 3434 13
2 6298 31
2 903 39
2 1398 17
2 1424 14
2 2378 10
2 6608 40
2 16333 34
2 254 8
2 3526 42
2 16257 46
2 6872 16
2 6871 29
2 1208 42
2 16778 1
2 4758 50
2 40 31
2 16952 40
2 16956 13
2 6909 9
2 1437 17
2 17024 28
2 221 43
2 1049 46
2 2432 43
2 17146 21
2 1441 22
2 694 34
2 17066 10
2 3627 41
2 32352 25
2 17291 23
2 4769 22
2 17398 13
2 7086 39
2 2450 36
2 4772 23
2 3668 28
2 3657 20
2 298 30
2 7115 20
2 7077 16
2 428 46
2 17843 48
2 17857 8
2 938 46
2 2469 48
2 3693 38
2 93 36
2 1830 11
2 18098 46
2 18120 2
2 943 39
2 651 39
2 7047 48
2 2440 32
2 407 9
2 7408 20
2 3726 15
2 18266 18
2 585 10
2 18328 40
2 18380 41
2 3733 32
2 18475 3
2 656 29
2 18425 17
2 7568 25
2 18295 7
2 3731 37
2 18684 4
2 299 26
2 18837 2
2 3787 49
2 7720 24
2 7680 9
2 539 45
2 11688 22
2 365 46
2 19512 30
2 460 32
2 554 42
2 19631 31
2 1070 20
2 2546 30
2 2557 28
2 432 1
2 1475 39
2 19867 48
2 19922 16
2 700 6
2 8072 7
2 19965 5
2 20041 46
2 8176 38
2 20219 7
2 20260 25
2 20169 5
2 8235 32
2 141 31
2 463 41
2 19926 35
2 8336 7
2 1237 42
2 437 34
2 312 30
2 20377 1
2 20314 28
2 18957 1
2 18903 47
2 18679 7
2 3714 33
2 3503 38
2 2588 38
2 510 2
2 8604 18
2 8644 16
2 8690 3
2 852 6
2 21666 13
2 241 18
2 2572 12
2 20767 20
2 21780 23
2 21792 8
2 2632 8
2 21819 30
2 8762 32
2 21868 12
2 1257 11
2 8825 13
2 21899 3
2 1917 46
2 22107 19
2 22029 44
2 4093 29
2 22293 49
2 544 45
2 513 7
2 465 50
2 4122 41
2 8965 14
2 4123 32
2 858 29
2 4147 2
2 1935 34
2 4111 46
2 1261 17
2 9071 36
2 22774 1
2 22754 30
2 22206 4
2 22000 12
2 8410 49
2 22892 26
2 1940 19
2 22917 6
2 9109 6
2 1941 1
2 22968 18
2 9166 16
2 80 13
2 23178 20
2 81 12
2 23197 32
2 9159 14
2 777 41
2 23256 30
2 23254 8
2 23282 47
2 4197 30
2 23418 49
2 23374 11
2 1270 11
2 9300 27
2 9327 12
2 1951 45
2 4215 22
2 963 28
2 277 31
2 962 23
2 2693 8
2 9384 34
2 23841 35
2 466 6
2 2076 10
2 2705 4
2 24010 12
2 24202 16
2 2709 4
2 2710 29
2 9498 32
2 9554 16
2 24380 49
2 9560 43
2 4278 48
2 2722 12
2 9605 33
2 9625 27
