20034
1 2 184
3 4 323
5 6 143
7 8 223
9 10 172
11 12 175
13 14 269
15 16 72
17 18 373
19 20 395
21 22 197
23 24 136
25 26 106
27 28 224
29 30 112
31 32 350
33 34 288
35 36 293
37 38 362
39 40 267
41 42 240
43 44 110
45 46 500
47 48 58
49 50 385
51 52 495
53 54 357
55 56 329
57 58 20
59 60 379
61 62 385
63 64 17
65 66 472
67 68 422
69 70 38
71 72 428
73 74 2
75 76 331
77 78 485
79 80 255
81 82 266
83 84 298
85 86 494
87 88 486
89 90 178
91 92 54
93 94 166
95 96 435
97 98 231
99 100 143
101 102 220
103 104 234
105 106 441
107 108 288
109 110 211
111 112 159
113 114 143
115 116 31
117 118 361
119 120 17
121 122 178
123 124 397
125 126 302
127 128 241
129 130 71
131 132 428
133 134 463
135 136 239
137 138 129
139 140 337
141 142 110
143 144 192
145 146 437
147 148 211
149 150 353
151 152 32
153 154 65
155 156 262
157 158 22
159 160 217
161 162 468
163 164 422
165 166 234
167 168 116
169 170 78
171 172 371
173 174 414
175 176 384
177 178 410
179 180 242
181 182 33
183 184 177
185 186 498
187 188 397
189 190 475
191 192 288
193 194 356
195 196 16
197 198 21
199 200 301
201 202 111
203 204 222
205 206 374
207 208 265
209 210 140
211 212 219
213 214 9
215 216 299
217 218 276
219 220 473
221 222 93
223 224 109
225 226 163
227 228 181
229 230 437
231 232 70
233 234 142
235 236 340
237 238 394
239 240 227
241 242 336
243 244 13
245 246 264
247 248 467
249 250 419
251 252 460
253 254 383
255 256 461
257 258 394
259 260 76
261 262 414
263 264 106
265 266 402
267 268 107
269 270 474
271 272 108
273 274 272
275 276 17
277 278 110
279 280 450
281 282 66
283 284 488
285 286 398
287 288 314
289 290 344
291 292 452
293 294 105
295 296 474
297 298 162
299 300 103
301 302 314
303 304 378
305 306 165
307 308 360
309 310 210
311 312 280
313 314 325
315 316 182
317 318 396
319 320 310
321 322 362
323 324 95
325 326 10
327 328 252
329 330 26
331 332 483
333 334 146
335 336 184
337 338 8
339 340 64
341 342 36
343 344 459
345 346 62
347 348 373
349 350 320
351 352 153
353 354 249
355 356 155
357 358 262
359 360 408
361 362 441
363 364 389
365 366 237
367 368 399
369 370 279
371 372 213
373 374 337
375 376 194
377 378 413
379 380 68
381 382 53
383 384 400
385 386 358
387 388 267
389 390 164
391 392 121
393 394 306
395 396 197
397 398 466
399 400 393
401 402 245
403 404 281
405 406 230
407 408 99
409 410 347
411 412 307
413 414 163
415 416 45
417 418 204
419 420 23
421 422 441
423 424 122
425 426 82
427 428 29
429 430 169
431 432 367
433 434 48
435 436 24
437 438 434
439 440 135
441 442 94
443 444 89
445 446 290
447 448 133
449 450 468
451 452 133
453 454 208
455 456 228
457 458 64
459 460 128
461 462 46
463 464 173
465 466 409
467 468 289
469 470 256
471 472 492
473 474 113
475 476 190
477 478 31
479 480 455
481 482 442
483 484 69
485 486 188
487 488 251
489 490 4
491 492 230
493 494 359
495 496 305
497 498 367
499 500 135
501 502 3
503 504 401
505 506 165
507 508 61
509 510 325
511 512 130
513 514 220
515 516 380
517 518 244
519 520 14
521 522 308
523 524 223
525 526 336
527 528 9
529 530 383
531 532 240
533 534 162
535 536 286
537 538 138
539 540 439
541 542 42
543 544 475
545 546 228
547 548 233
549 550 56
551 552 361
553 554 472
555 556 267
557 558 462
559 560 117
561 562 69
563 564 49
565 566 384
567 568 411
569 570 357
571 572 388
573 574 433
575 576 375
577 578 235
579 580 195
581 582 35
583 584 308
585 586 286
587 588 74
589 590 333
591 592 102
593 594 373
595 596 166
597 598 185
599 600 140
601 602 346
603 604 88
605 606 288
607 608 167
609 610 223
611 612 259
613 614 263
615 616 10
617 618 478
619 620 248
621 622 134
623 624 446
625 626 93
627 628 98
629 630 34
631 632 357
633 634 181
635 636 76
637 638 470
639 640 393
641 642 490
643 644 426
645 646 475
647 648 227
649 650 198
651 652 232
653 654 99
655 656 366
657 658 257
659 660 177
661 662 217
663 664 431
665 666 88
667 668 381
669 670 208
671 672 420
673 674 302
675 676 394
677 678 52
679 680 147
681 682 228
683 684 93
685 686 350
687 688 130
689 690 8
691 692 374
693 694 397
695 696 319
697 698 5
699 700 37
701 702 181
703 704 181
705 706 111
707 708 271
709 710 291
711 712 363
713 714 277
715 716 106
717 718 188
719 720 499
721 722 283
723 724 468
725 726 401
727 728 169
729 730 29
731 732 371
733 734 397
735 736 321
737 738 426
739 740 177
741 742 191
743 744 197
745 746 429
747 748 116
749 750 138
751 752 409
753 754 381
755 756 256
757 758 154
759 760 259
761 762 5
763 764 143
765 766 351
767 768 442
769 770 471
771 772 366
773 774 160
775 776 272
777 778 349
779 780 305
781 782 170
783 784 415
785 786 425
787 788 365
789 790 89
791 792 64
793 794 152
795 796 197
797 798 176
799 800 449
801 802 77
803 804 418
805 806 33
807 808 96
809 810 445
811 812 89
813 814 33
815 816 455
817 818 121
819 820 410
821 822 257
823 824 54
825 826 338
827 828 217
829 830 317
831 832 233
833 834 213
835 836 415
837 838 206
839 840 64
841 842 347
843 844 441
845 846 92
847 848 252
849 850 263
851 852 398
853 854 244
855 856 291
857 858 298
859 860 151
861 862 396
863 864 46
865 866 302
867 868 77
869 870 257
871 872 253
873 874 62
875 876 173
877 878 472
879 880 1
881 882 497
883 884 419
885 886 363
887 888 181
889 890 208
891 892 74
893 894 253
895 896 121
897 898 265
899 900 108
901 902 419
903 904 371
905 906 36
907 908 106
909 910 83
911 912 195
913 914 225
915 916 65
917 918 394
919 920 256
921 922 148
923 924 207
925 926 361
927 928 196
929 930 46
931 932 467
933 934 277
935 936 485
937 938 388
939 940 235
941 942 200
943 944 457
945 946 260
947 948 150
949 950 311
951 952 112
953 954 24
955 956 138
957 958 269
959 960 20
961 962 418
963 964 334
965 966 7
967 968 44
969 970 429
971 972 83
973 974 245
975 976 91
977 978 12
979 980 157
981 982 58
983 984 344
985 986 199
987 988 360
989 990 486
991 992 152
993 994 68
995 996 386
997 998 210
999 1000 481
1001 1002 103
1003 1004 416
1005 1006 319
1007 1008 361
1009 1010 28
1011 1012 51
1013 1014 441
1015 1016 139
1017 1018 345
1019 1020 244
1021 1022 158
1023 1024 403
1025 1026 132
1027 1028 436
1029 1030 178
1031 1032 92
1033 1034 93
1035 1036 399
1037 1038 396
1039 1040 162
1041 1042 196
1043 1044 425
1045 1046 123
1047 1048 248
1049 1050 330
1051 1052 383
1053 1054 409
1055 1056 235
1057 1058 475
1059 1060 116
1061 1062 88
1063 1064 91
1065 1066 138
1067 1068 84
1069 1070 78
1071 1072 465
1073 1074 30
1075 1076 451
1077 1078 135
1079 1080 405
1081 1082 69
1083 1084 292
1085 1086 61
1087 1088 171
1089 1090 430
1091 1092 324
1093 1094 188
1095 1096 133
1097 1098 23
1099 1100 272
1101 1102 186
1103 1104 208
1105 1106 488
1107 1108 224
1109 1110 280
1111 1112 144
1113 1114 301
1115 1116 286
1117 1118 355
1119 1120 231
1121 1122 469
1123 1124 433
1125 1126 176
1127 1128 461
1129 1130 319
1131 1132 245
1133 1134 313
1135 1136 324
1137 1138 214
1139 1140 427
1141 1142 236
1143 1144 472
1145 1146 327
1147 1148 421
1149 1150 500
1151 1152 327
1153 1154 378
1155 1156 210
1157 1158 87
1159 1160 131
1161 1162 121
1163 1164 200
1165 1166 315
1167 1168 268
1169 1170 255
1171 1172 47
1173 1174 446
1175 1176 408
1177 1178 118
1179 1180 338
1181 1182 433
1183 1184 228
1185 1186 223
1187 1188 65
1189 1190 130
1191 1192 29
1193 1194 287
1195 1196 490
1197 1198 33
1199 1200 203
1201 1202 353
1203 1204 354
1205 1206 409
1207 1208 125
1209 1210 20
1211 1212 461
1213 1214 21
1215 1216 253
1217 1218 332
1219 1220 116
1221 1222 288
1223 1224 174
1225 1226 327
1227 1228 45
1229 1230 186
1231 1232 351
1233 1234 492
1235 1236 362
1237 1238 343
1239 1240 464
1241 1242 419
1243 1244 31
1245 1246 231
1247 1248 466
1249 1250 268
1251 1252 102
1253 1254 471
1255 1256 320
1257 1258 38
1259 1260 102
1261 1262 452
1263 1264 12
1265 1266 3
1267 1268 196
1269 1270 151
1271 1272 418
1273 1274 289
1275 1276 119
1277 1278 415
1279 1280 17
1281 1282 396
1283 1284 336
1285 1286 70
1287 1288 196
1289 1290 119
1291 1292 55
1293 1294 492
1295 1296 494
1297 1298 143
1299 1300 224
1301 1302 177
1303 1304 20
1305 1306 203
1307 1308 228
1309 1310 85
1311 1312 316
1313 1314 272
1315 1316 124
1317 1318 302
1319 1320 202
1321 1322 37
1323 1324 215
1325 1326 45
1327 1328 194
1329 1330 134
1331 1332 188
1333 1334 487
1335 1336 282
1337 1338 294
1339 1340 386
1341 1342 5
1343 1344 111
1345 1346 119
1347 1348 69
1349 1350 499
1351 1352 319
1353 1354 45
1355 1356 115
1357 1358 475
1359 1360 432
1361 1362 137
1363 1364 94
1365 1366 383
1367 1368 469
1369 1370 154
1371 1372 497
1373 1374 194
1375 1376 161
1377 1378 263
1379 1380 140
1381 1382 330
1383 1384 274
1385 1386 471
1387 1388 404
1389 1390 500
1391 1392 426
1393 1394 294
1395 1396 172
1397 1398 159
1399 1400 167
1401 1402 431
1403 1404 242
1405 1406 165
1407 1408 183
1409 1410 31
1411 1412 76
1413 1414 395
1415 1416 448
1417 1418 296
1419 1420 240
1421 1422 490
1423 1424 92
1425 1426 480
1427 1428 30
1429 1430 186
1431 1432 38
1433 1434 232
1435 1436 419
1437 1438 127
1439 1440 154
1441 1442 314
1443 1444 159
1445 1446 291
1447 1448 476
1449 1450 8
1451 1452 358
1453 1454 401
1455 1456 431
1457 1458 380
1459 1460 500
1461 1462 485
1463 1464 254
1465 1466 399
1467 1468 165
1469 1470 398
1471 1472 332
1473 1474 356
1475 1476 186
1477 1478 423
1479 1480 191
1481 1482 426
1483 1484 484
1485 1486 120
1487 1488 225
1489 1490 7
1491 1492 371
1493 1494 394
1495 1496 375
1497 1498 370
1499 1500 203
1501 1502 190
1503 1504 333
1505 1506 343
1507 1508 112
1509 1510 354
1511 1512 253
1513 1514 114
1515 1516 62
1517 1518 60
1519 1520 439
1521 1522 409
1523 1524 194
1525 1526 234
1527 1528 331
1529 1530 69
1531 1532 397
1533 1534 346
1535 1536 226
1537 1538 491
1539 1540 26
1541 1542 155
1543 1544 252
1545 1546 106
1547 1548 460
1549 1550 186
1551 1552 290
1553 1554 491
1555 1556 492
1557 1558 472
1559 1560 162
1561 1562 454
1563 1564 170
1565 1566 65
1567 1568 336
1569 1570 188
1571 1572 234
1573 1574 155
1575 1576 312
1577 1578 85
1579 1580 73
1581 1582 62
1583 1584 227
1585 1586 456
1587 1588 441
1589 1590 370
1591 1592 237
1593 1594 143
1595 1596 210
1597 1598 436
1599 1600 418
1601 1602 191
1603 1604 260
1605 1606 273
1607 1608 436
1609 1610 218
1611 1612 115
1613 1614 215
1615 1616 339
1617 1618 241
1619 1620 418
1621 1622 204
1623 1624 356
1625 1626 252
1627 1628 421
1629 1630 59
1631 1632 345
1633 1634 89
1635 1636 339
1637 1638 222
1639 1640 218
1641 1642 102
1643 1644 294
1645 1646 428
1647 1648 374
1649 1650 236
1651 1652 211
1653 1654 451
1655 1656 244
1657 1658 263
1659 1660 142
1661 1662 459
1663 1664 369
1665 1666 262
1667 1668 497
1669 1670 76
1671 1672 398
1673 1674 94
1675 1676 215
1677 1678 279
1679 1680 237
1681 1682 460
1683 1684 118
1685 1686 233
1687 1688 181
1689 1690 269
1691 1692 356
1693 1694 160
1695 1696 201
1697 1698 70
1699 1700 396
1701 1702 209
1703 1704 297
1705 1706 6
1707 1708 285
1709 1710 49
1711 1712 74
1713 1714 283
1715 1716 404
1717 1718 128
1719 1720 268
1721 1722 227
1723 1724 210
1725 1726 121
1727 1728 333
1729 1730 451
1731 1732 121
1733 1734 359
1735 1736 146
1737 1738 242
1739 1740 164
1741 1742 71
1743 1744 444
1745 1746 194
1747 1748 172
1749 1750 343
1751 1752 263
1753 1754 246
1755 1756 276
1757 1758 316
1759 1760 120
1761 1762 353
1763 1764 188
1765 1766 48
1767 1768 187
1769 1770 236
1771 1772 158
1773 1774 186
1775 1776 413
1777 1778 281
1779 1780 46
1781 1782 186
1783 1784 4
1785 1786 206
1787 1788 246
1789 1790 303
1791 1792 447
1793 1794 240
1795 1796 158
1797 1798 154
1799 1800 24
1801 1802 481
1803 1804 143
1805 1806 40
1807 1808 173
1809 1810 358
1811 1812 119
1813 1814 82
1815 1816 41
1817 1818 465
1819 1820 390
1821 1822 103
1823 1824 269
1825 1826 325
1827 1828 93
1829 1830 375
1831 1832 55
1833 1834 34
1835 1836 41
1837 1838 242
1839 1840 417
1841 1842 488
1843 1844 291
1845 1846 428
1847 1848 302
1849 1850 185
1851 1852 480
1853 1854 229
1855 1856 254
1857 1858 484
1859 1860 93
1861 1862 361
1863 1864 160
1865 1866 2
1867 1868 463
1869 1870 192
1871 1872 299
1873 1874 263
1875 1876 10
1877 1878 239
1879 1880 427
1881 1882 233
1883 1884 342
1885 1886 420
1887 1888 181
1889 1890 76
1891 1892 306
1893 1894 66
1895 1896 5
1897 1898 364
1899 1900 151
1901 1902 9
1903 1904 294
1905 1906 336
1907 1908 104
1909 1910 120
1911 1912 331
1913 1914 127
1915 1916 240
1917 1918 365
1919 1920 81
1921 1922 375
1923 1924 354
1925 1926 111
1927 1928 453
1929 1930 229
1931 1932 451
1933 1934 90
1935 1936 445
1937 1938 214
1939 1940 461
1941 1942 232
1943 1944 320
1945 1946 79
1947 1948 160
1949 1950 6
1951 1952 343
1953 1954 158
1955 1956 123
1957 1958 477
1959 1960 220
1961 1962 73
1963 1964 206
1965 1966 433
1967 1968 194
1969 1970 80
1971 1972 144
1973 1974 258
1975 1976 434
1977 1978 482
1979 1980 490
1981 1982 468
1983 1984 454
1985 1986 288
1987 1988 159
1989 1990 147
1991 1992 408
1993 1994 488
1995 1996 138
1997 1998 395
1999 2000 450
2001 2002 332
2003 2004 484
2005 2006 105
2007 2008 449
2009 2010 354
2011 2012 78
2013 2014 407
2015 2016 372
2017 2018 340
2019 2020 222
2021 2022 177
2023 2024 286
2025 2026 426
2027 2028 383
2029 2030 479
2031 2032 230
2033 2034 8
2035 2036 274
2037 2038 292
2039 2040 5
2041 2042 207
2043 2044 398
2045 2046 15
2047 2048 396
2049 2050 469
2051 2052 189
2053 2054 308
2055 2056 318
2057 2058 390
2059 2060 167
2061 2062 342
2063 2064 228
2065 2066 13
2067 2068 482
2069 2070 485
2071 2072 295
2073 2074 307
2075 2076 88
2077 2078 189
2079 2080 475
2081 2082 281
2083 2084 435
2085 2086 286
2087 2088 492
2089 2090 350
2091 2092 44
2093 2094 425
2095 2096 424
2097 2098 443
2099 2100 118
2101 2102 299
2103 2104 234
2105 2106 284
2107 2108 409
2109 2110 286
2111 2112 365
2113 2114 22
2115 2116 218
2117 2118 38
2119 2120 344
2121 2122 402
2123 2124 188
2125 2126 368
2127 2128 406
2129 2130 382
2131 2132 234
2133 2134 360
2135 2136 408
2137 2138 39
2139 2140 408
2141 2142 456
2143 2144 416
2145 2146 133
2147 2148 212
2149 2150 406
2151 2152 388
2153 2154 360
2155 2156 70
2157 2158 371
2159 2160 352
2161 2162 481
2163 2164 216
2165 2166 377
2167 2168 138
2169 2170 11
2171 2172 295
2173 2174 56
2175 2176 240
2177 2178 114
2179 2180 57
2181 2182 351
2183 2184 243
2185 2186 338
2187 2188 159
2189 2190 50
2191 2192 300
2193 2194 266
2195 2196 252
2197 2198 150
2199 2200 465
2201 2202 255
2203 2204 360
2205 2206 394
2207 2208 293
2209 2210 25
2211 2212 3
2213 2214 67
2215 2216 429
2217 2218 356
2219 2220 492
2221 2222 102
2223 2224 297
2225 2226 326
2227 2228 309
2229 2230 256
2231 2232 67
2233 2234 335
2235 2236 141
2237 2238 476
2239 2240 335
2241 2242 331
2243 2244 420
2245 2246 256
2247 2248 151
2249 2250 26
2251 2252 447
2253 2254 382
2255 2256 311
2257 2258 194
2259 2260 39
2261 2262 487
2263 2264 263
2265 2266 409
2267 2268 328
2269 2270 433
2271 2272 277
2273 2274 21
2275 2276 285
2277 2278 405
2279 2280 49
2281 2282 429
2283 2284 211
2285 2286 269
2287 2288 192
2289 2290 13
2291 2292 203
2293 2294 341
2295 2296 443
2297 2298 281
2299 2300 55
2301 2302 237
2303 2304 387
2305 2306 303
2307 2308 68
2309 2310 176
2311 2312 180
2313 2314 380
2315 2316 362
2317 2318 17
2319 2320 39
2321 2322 266
2323 2324 296
2325 2326 263
2327 2328 424
2329 2330 181
2331 2332 340
2333 2334 414
2335 2336 381
2337 2338 286
2339 2340 469
2341 2342 346
2343 2344 444
2345 2346 387
2347 2348 395
2349 2350 40
2351 2352 103
2353 2354 252
2355 2356 250
2357 2358 358
2359 2360 272
2361 2362 224
2363 2364 449
2365 2366 127
2367 2368 20
2369 2370 382
2371 2372 148
2373 2374 7
2375 2376 331
2377 2378 361
2379 2380 291
2381 2382 13
2383 2384 279
2385 2386 239
2387 2388 372
2389 2390 238
2391 2392 352
2393 2394 369
2395 2396 424
2397 2398 320
2399 2400 56
2401 2402 345
2403 2404 360
2405 2406 70
2407 2408 420
2409 2410 245
2411 2412 60
2413 2414 148
2415 2416 399
2417 2418 26
2419 2420 409
2421 2422 323
2423 2424 423
2425 2426 274
2427 2428 181
2429 2430 336
2431 2432 246
2433 2434 157
2435 2436 244
2437 2438 499
2439 2440 38
2441 2442 427
2443 2444 394
2445 2446 167
2447 2448 307
2449 2450 53
2451 2452 59
2453 2454 278
2455 2456 488
2457 2458 91
2459 2460 369
2461 2462 130
2463 2464 478
2465 2466 199
2467 2468 416
2469 2470 240
2471 2472 16
2473 2474 268
2475 2476 156
2477 2478 440
2479 2480 130
2481 2482 338
2483 2484 411
2485 2486 25
2487 2488 202
2489 2490 165
2491 2492 208
2493 2494 443
2495 2496 318
2497 2498 14
2499 2500 120
2501 2502 453
2503 2504 239
2505 2506 296
2507 2508 213
2509 2510 464
2511 2512 287
2513 2514 335
2515 2516 426
2517 2518 471
2519 2520 467
2521 2522 475
2523 2524 285
2525 2526 58
2527 2528 412
2529 2530 224
2531 2532 318
2533 2534 83
2535 2536 363
2537 2538 426
2539 2540 329
2541 2542 98
2543 2544 105
2545 2546 463
2547 2548 399
2549 2550 374
2551 2552 424
2553 2554 307
2555 2556 275
2557 2558 203
2559 2560 216
2561 2562 229
2563 2564 144
2565 2566 196
2567 2568 426
2569 2570 139
2571 2572 152
2573 2574 255
2575 2576 191
2577 2578 22
2579 2580 255
2581 2582 277
2583 2584 162
2585 2586 33
2587 2588 281
2589 2590 111
2591 2592 168
2593 2594 175
2595 2596 166
2597 2598 407
2599 2600 173
2601 2602 186
2603 2604 308
2605 2606 283
2607 2608 15
2609 2610 43
2611 2612 93
2613 2614 341
2615 2616 467
2617 2618 362
2619 2620 249
2621 2622 194
2623 2624 462
2625 2626 114
2627 2628 369
2629 2630 172
2631 2632 182
2633 2634 37
2635 2636 249
2637 2638 357
2639 2640 304
2641 2642 365
2643 2644 62
2645 2646 293
2647 2648 496
2649 2650 361
2651 2652 262
2653 2654 441
2655 2656 307
2657 2658 11
2659 2660 268
2661 2662 200
2663 2664 345
2665 2666 377
2667 2668 26
2669 2670 295
2671 2672 13
2673 2674 259
2675 2676 232
2677 2678 276
2679 2680 338
2681 2682 238
2683 2684 236
2685 2686 300
2687 2688 408
2689 2690 63
2691 2692 30
2693 2694 166
2695 2696 483
2697 2698 312
2699 2700 465
2701 2702 302
2703 2704 241
2705 2706 237
2707 2708 325
2709 2710 406
2711 2712 35
2713 2714 288
2715 2716 494
2717 2718 111
2719 2720 221
2721 2722 281
2723 2724 54
2725 2726 263
2727 2728 264
2729 2730 484
2731 2732 430
2733 2734 430
2735 2736 361
2737 2738 85
2739 2740 338
2741 2742 436
2743 2744 342
2745 2746 412
2747 2748 440
2749 2750 444
2751 2752 357
2753 2754 11
2755 2756 333
2757 2758 497
2759 2760 187
2761 2762 133
2763 2764 233
2765 2766 141
2767 2768 352
2769 2770 246
2771 2772 173
2773 2774 268
2775 2776 67
2777 2778 182
2779 2780 120
2781 2782 347
2783 2784 73
2785 2786 320
2787 2788 288
2789 2790 64
2791 2792 318
2793 2794 84
2795 2796 349
2797 2798 20
2799 2800 148
2801 2802 482
2803 2804 20
2805 2806 42
2807 2808 160
2809 2810 101
2811 2812 252
2813 2814 486
2815 2816 427
2817 2818 253
2819 2820 240
2821 2822 469
2823 2824 108
2825 2826 328
2827 2828 236
2829 2830 483
2831 2832 45
2833 2834 323
2835 2836 190
2837 2838 22
2839 2840 308
2841 2842 314
2843 2844 386
2845 2846 493
2847 2848 476
2849 2850 130
2851 2852 411
2853 2854 305
2855 2856 62
2857 2858 317
2859 2860 115
2861 2862 491
2863 2864 391
2865 2866 46
2867 2868 305
2869 2870 495
2871 2872 56
2873 2874 318
2875 2876 74
2877 2878 263
2879 2880 438
2881 2882 236
2883 2884 206
2885 2886 68
2887 2888 14
2889 2890 180
2891 2892 64
2893 2894 44
2895 2896 23
2897 2898 327
2899 2900 153
2901 2902 12
2903 2904 70
2905 2906 345
2907 2908 411
2909 2910 484
2911 2912 46
2913 2914 177
2915 2916 446
2917 2918 99
2919 2920 351
2921 2922 226
2923 2924 435
2925 2926 330
2927 2928 233
2929 2930 207
2931 2932 436
2933 2934 168
2935 2936 432
2937 2938 251
2939 2940 318
2941 2942 139
2943 2944 261
2945 2946 97
2947 2948 423
2949 2950 307
2951 2952 224
2953 2954 230
2955 2956 343
2957 2958 189
2959 2960 161
2961 2962 5
2963 2964 127
2965 2966 35
2967 2968 340
2969 2970 416
2971 2972 493
2973 2974 390
2975 2976 100
2977 2978 100
2979 2980 66
2981 2982 299
2983 2984 490
2985 2986 384
2987 2988 143
2989 2990 463
2991 2992 212
2993 2994 214
2995 2996 53
2997 2998 253
2999 3000 418
3001 3002 461
3003 3004 482
3005 3006 376
3007 3008 2
3009 3010 458
3011 3012 440
3013 3014 255
3015 3016 344
3017 3018 111
3019 3020 24
3021 3022 440
3023 3024 89
3025 3026 181
3027 3028 447
3029 3030 447
3031 3032 209
3033 3034 447
3035 3036 411
3037 3038 26
3039 3040 372
3041 3042 387
3043 3044 311
3045 3046 126
3047 3048 327
3049 3050 114
3051 3052 225
3053 3054 75
3055 3056 459
3057 3058 427
3059 3060 250
3061 3062 359
3063 3064 485
3065 3066 129
3067 3068 387
3069 3070 31
3071 3072 306
3073 3074 2
3075 3076 15
3077 3078 265
3079 3080 322
3081 3082 54
3083 3084 259
3085 3086 247
3087 3088 343
3089 3090 4
3091 3092 149
3093 3094 104
3095 3096 44
3097 3098 498
3099 3100 314
3101 3102 383
3103 3104 52
3105 3106 86
3107 3108 377
3109 3110 404
3111 3112 484
3113 3114 243
3115 3116 122
3117 3118 133
3119 3120 79
3121 3122 127
3123 3124 190
3125 3126 359
3127 3128 370
3129 3130 456
3131 3132 82
3133 3134 462
3135 3136 251
3137 3138 411
3139 3140 433
3141 3142 360
3143 3144 473
3145 3146 493
3147 3148 160
3149 3150 217
3151 3152 335
3153 3154 28
3155 3156 411
3157 3158 150
3159 3160 54
3161 3162 403
3163 3164 466
3165 3166 26
3167 3168 358
3169 3170 220
3171 3172 149
3173 3174 329
3175 3176 264
3177 3178 347
3179 3180 318
3181 3182 145
3183 3184 271
3185 3186 11
3187 3188 192
3189 3190 451
3191 3192 253
3193 3194 407
3195 3196 208
3197 3198 457
3199 3200 421
3201 3202 306
3203 3204 68
3205 3206 246
3207 3208 235
3209 3210 64
3211 3212 300
3213 3214 500
3215 3216 215
3217 3218 80
3219 3220 151
3221 3222 263
3223 3224 358
3225 3226 32
3227 3228 6
3229 3230 300
3231 3232 66
3233 3234 463
3235 3236 332
3237 3238 152
3239 3240 381
3241 3242 340
3243 3244 283
3245 3246 425
3247 3248 28
3249 3250 475
3251 3252 66
3253 3254 2
3255 3256 50
3257 3258 344
3259 3260 497
3261 3262 419
3263 3264 472
3265 3266 13
3267 3268 157
3269 3270 207
3271 3272 154
3273 3274 400
3275 3276 314
3277 3278 396
3279 3280 95
3281 3282 90
3283 3284 56
3285 3286 276
3287 3288 188
3289 3290 185
3291 3292 278
3293 3294 23
3295 3296 36
3297 3298 483
3299 3300 109
3301 3302 211
3303 3304 415
3305 3306 256
3307 3308 85
3309 3310 405
3311 3312 168
3313 3314 81
3315 3316 188
3317 3318 262
3319 3320 436
3321 3322 177
3323 3324 72
3325 3326 5
3327 3328 185
3329 3330 442
3331 3332 478
3333 3334 145
3335 3336 301
3337 3338 133
3339 3340 94
3341 3342 54
3343 3344 150
3345 3346 429
3347 3348 460
3349 3350 212
3351 3352 411
3353 3354 58
3355 3356 68
3357 3358 16
3359 3360 215
3361 3362 48
3363 3364 482
3365 3366 248
3367 3368 241
3369 3370 143
3371 3372 351
3373 3374 309
3375 3376 84
3377 3378 221
3379 3380 195
3381 3382 169
3383 3384 482
3385 3386 211
3387 3388 352
3389 3390 104
3391 3392 86
3393 3394 435
3395 3396 213
3397 3398 363
3399 3400 342
3401 3402 4
3403 3404 297
3405 3406 68
3407 3408 500
3409 3410 323
3411 3412 319
3413 3414 301
3415 3416 402
3417 3418 326
3419 3420 207
3421 3422 124
3423 3424 391
3425 3426 353
3427 3428 2
3429 3430 71
3431 3432 355
3433 3434 273
3435 3436 246
3437 3438 67
3439 3440 471
3441 3442 177
3443 3444 356
3445 3446 173
3447 3448 22
3449 3450 476
3451 3452 443
3453 3454 347
3455 3456 148
3457 3458 21
3459 3460 296
3461 3462 402
3463 3464 27
3465 3466 117
3467 3468 401
3469 3470 19
3471 3472 444
3473 3474 31
3475 3476 435
3477 3478 272
3479 3480 437
3481 3482 105
3483 3484 447
3485 3486 321
3487 3488 307
3489 3490 188
3491 3492 332
3493 3494 159
3495 3496 97
3497 3498 5
3499 3500 10
3501 3502 250
3503 3504 317
3505 3506 175
3507 3508 130
3509 3510 257
3511 3512 40
3513 3514 180
3515 3516 137
3517 3518 225
3519 3520 398
3521 3522 155
3523 3524 161
3525 3526 352
3527 3528 195
3529 3530 319
3531 3532 417
3533 3534 373
3535 3536 59
3537 3538 158
3539 3540 310
3541 3542 114
3543 3544 278
3545 3546 204
3547 3548 278
3549 3550 101
3551 3552 338
3553 3554 145
3555 3556 290
3557 3558 343
3559 3560 352
3561 3562 137
3563 3564 115
3565 3566 302
3567 3568 382
3569 3570 144
3571 3572 277
3573 3574 310
3575 3576 415
3577 3578 149
3579 3580 354
3581 3582 382
3583 3584 193
3585 3586 361
3587 3588 380
3589 3590 366
3591 3592 489
3593 3594 487
3595 3596 457
3597 3598 438
3599 3600 173
3601 3602 395
3603 3604 252
3605 3606 271
3607 3608 481
3609 3610 20
3611 3612 479
3613 3614 118
3615 3616 184
3617 3618 196
3619 3620 102
3621 3622 398
3623 3624 44
3625 3626 400
3627 3628 361
3629 3630 462
3631 3632 261
3633 3634 134
3635 3636 373
3637 3638 225
3639 3640 131
3641 3642 98
3643 3644 192
3645 3646 121
3647 3648 351
3649 3650 403
3651 3652 449
3653 3654 255
3655 3656 138
3657 3658 437
3659 3660 203
3661 3662 77
3663 3664 317
3665 3666 14
3667 3668 270
3669 3670 259
3671 3672 296
3673 3674 165
3675 3676 446
3677 3678 154
3679 3680 187
3681 3682 162
3683 3684 10
3685 3686 442
3687 3688 14
3689 3690 350
3691 3692 222
3693 3694 363
3695 3696 389
3697 3698 334
3699 3700 12
3701 3702 385
3703 3704 78
3705 3706 382
3707 3708 57
3709 3710 390
3711 3712 156
3713 3714 384
3715 3716 32
3717 3718 55
3719 3720 384
3721 3722 318
3723 3724 128
3725 3726 298
3727 3728 231
3729 3730 176
3731 3732 197
3733 3734 373
3735 3736 279
3737 3738 320
3739 3740 346
3741 3742 308
3743 3744 97
3745 3746 109
3747 3748 497
3749 3750 471
3751 3752 341
3753 3754 408
3755 3756 189
3757 3758 327
3759 3760 177
3761 3762 333
3763 3764 352
3765 3766 264
3767 3768 297
3769 3770 296
3771 3772 499
3773 3774 367
3775 3776 36
3777 3778 288
3779 3780 166
3781 3782 14
3783 3784 463
3785 3786 254
3787 3788 260
3789 3790 305
3791 3792 343
3793 3794 349
3795 3796 398
3797 3798 128
3799 3800 427
3801 3802 52
3803 3804 190
3805 3806 115
3807 3808 55
3809 3810 170
3811 3812 347
3813 3814 379
3815 3816 119
3817 3818 460
3819 3820 468
3821 3822 315
3823 3824 24
3825 3826 355
3827 3828 316
3829 3830 108
3831 3832 26
3833 3834 461
3835 3836 105
3837 3838 423
3839 3840 253
3841 3842 182
3843 3844 359
3845 3846 226
3847 3848 466
3849 3850 192
3851 3852 149
3853 3854 101
3855 3856 202
3857 3858 187
3859 3860 171
3861 3862 139
3863 3864 344
3865 3866 271
3867 3868 499
3869 3870 155
3871 3872 352
3873 3874 340
3875 3876 108
3877 3878 102
3879 3880 124
3881 3882 311
3883 3884 386
3885 3886 319
3887 3888 37
3889 3890 198
3891 3892 355
3893 3894 133
3895 3896 279
3897 3898 174
3899 3900 357
3901 3902 48
3903 3904 252
3905 3906 59
3907 3908 146
3909 3910 469
3911 3912 39
3913 3914 474
3915 3916 93
3917 3918 9
3919 3920 270
3921 3922 262
3923 3924 25
3925 3926 44
3927 3928 304
3929 3930 337
3931 3932 472
3933 3934 244
3935 3936 486
3937 3938 62
3939 3940 164
3941 3942 144
3943 3944 126
3945 3946 277
3947 3948 48
3949 3950 385
3951 3952 20
3953 3954 59
3955 3956 261
3957 3958 444
3959 3960 143
3961 3962 407
3963 3964 466
3965 3966 144
3967 3968 306
3969 3970 206
3971 3972 363
3973 3974 79
3975 3976 130
3977 3978 104
3979 3980 101
3981 3982 489
3983 3984 463
3985 3986 61
3987 3988 207
3989 3990 260
3991 3992 416
3993 3994 249
3995 3996 421
3997 3998 431
3999 4000 399
4001 4002 374
4003 4004 105
4005 4006 413
4007 4008 476
4009 4010 212
4011 4012 145
4013 4014 194
4015 4016 244
4017 4018 131
4019 4020 174
4021 4022 237
4023 4024 169
4025 4026 378
4027 4028 395
4029 4030 94
4031 4032 249
4033 4034 165
4035 4036 373
4037 4038 368
4039 4040 473
4041 4042 64
4043 4044 207
4045 4046 461
4047 4048 383
4049 4050 349
4051 4052 314
4053 4054 9
4055 4056 473
4057 4058 368
4059 4060 145
4061 4062 146
4063 4064 344
4065 4066 146
4067 4068 497
4069 4070 373
4071 4072 85
4073 4074 307
4075 4076 96
4077 4078 253
4079 4080 157
4081 4082 393
4083 4084 125
4085 4086 235
4087 4088 4
4089 4090 230
4091 4092 179
4093 4094 32
4095 4096 125
4097 4098 438
4099 4100 108
4101 4102 275
4103 4104 441
4105 4106 249
4107 4108 159
4109 4110 344
4111 4112 73
4113 4114 222
4115 4116 326
4117 4118 250
4119 4120 102
4121 4122 431
4123 4124 392
4125 4126 192
4127 4128 401
4129 4130 356
4131 4132 74
4133 4134 430
4135 4136 449
4137 4138 210
4139 4140 4
4141 4142 367
4143 4144 401
4145 4146 401
4147 4148 287
4149 4150 325
4151 4152 265
4153 4154 126
4155 4156 213
4157 4158 184
4159 4160 24
4161 4162 106
4163 4164 307
4165 4166 371
4167 4168 243
4169 4170 352
4171 4172 431
4173 4174 217
4175 4176 354
4177 4178 473
4179 4180 213
4181 4182 278
4183 4184 169
4185 4186 31
4187 4188 273
4189 4190 130
4191 4192 177
4193 4194 171
4195 4196 212
4197 4198 336
4199 4200 458
4201 4202 185
4203 4204 293
4205 4206 396
4207 4208 169
4209 4210 493
4211 4212 138
4213 4214 316
4215 4216 264
4217 4218 86
4219 4220 47
4221 4222 152
4223 4224 426
4225 4226 58
4227 4228 38
4229 4230 334
4231 4232 490
4233 4234 321
4235 4236 450
4237 4238 168
4239 4240 311
4241 4242 36
4243 4244 382
4245 4246 343
4247 4248 497
4249 4250 224
4251 4252 169
4253 4254 447
4255 4256 54
4257 4258 275
4259 4260 48
4261 4262 474
4263 4264 75
4265 4266 301
4267 4268 106
4269 4270 60
4271 4272 46
4273 4274 179
4275 4276 453
4277 4278 320
4279 4280 12
4281 4282 161
4283 4284 103
4285 4286 474
4287 4288 430
4289 4290 223
4291 4292 168
4293 4294 25
4295 4296 367
4297 4298 246
4299 4300 204
4301 4302 255
4303 4304 451
4305 4306 78
4307 4308 444
4309 4310 353
4311 4312 310
4313 4314 266
4315 4316 246
4317 4318 429
4319 4320 243
4321 4322 97
4323 4324 61
4325 4326 377
4327 4328 155
4329 4330 443
4331 4332 67
4333 4334 479
4335 4336 332
4337 4338 114
4339 4340 195
4341 4342 170
4343 4344 377
4345 4346 103
4347 4348 378
4349 4350 343
4351 4352 435
4353 4354 63
4355 4356 47
4357 4358 458
4359 4360 72
4361 4362 304
4363 4364 75
4365 4366 237
4367 4368 385
4369 4370 469
4371 4372 7
4373 4374 45
4375 4376 144
4377 4378 377
4379 4380 298
4381 4382 60
4383 4384 114
4385 4386 248
4387 4388 128
4389 4390 289
4391 4392 210
4393 4394 127
4395 4396 90
4397 4398 279
4399 4400 9
4401 4402 163
4403 4404 253
4405 4406 291
4407 4408 76
4409 4410 43
4411 4412 11
4413 4414 124
4415 4416 351
4417 4418 177
4419 4420 452
4421 4422 31
4423 4424 456
4425 4426 484
4427 4428 24
4429 4430 473
4431 4432 224
4433 4434 490
4435 4436 121
4437 4438 61
4439 4440 37
4441 4442 257
4443 4444 146
4445 4446 323
4447 4448 165
4449 4450 308
4451 4452 255
4453 4454 483
4455 4456 18
4457 4458 22
4459 4460 121
4461 4462 346
4463 4464 413
4465 4466 322
4467 4468 69
4469 4470 417
4471 4472 480
4473 4474 389
4475 4476 215
4477 4478 115
4479 4480 210
4481 4482 436
4483 4484 374
4485 4486 39
4487 4488 249
4489 4490 169
4491 4492 345
4493 4494 199
4495 4496 417
4497 4498 298
4499 4500 23
4501 4502 357
4503 4504 462
4505 4506 249
4507 4508 322
4509 4510 144
4511 4512 460
4513 4514 351
4515 4516 451
4517 4518 247
4519 4520 110
4521 4522 345
4523 4524 199
4525 4526 291
4527 4528 494
4529 4530 314
4531 4532 100
4533 4534 484
4535 4536 284
4537 4538 121
4539 4540 480
4541 4542 91
4543 4544 277
4545 4546 377
4547 4548 208
4549 4550 56
4551 4552 68
4553 4554 476
4555 4556 137
4557 4558 311
4559 4560 379
4561 4562 175
4563 4564 328
4565 4566 286
4567 4568 177
4569 4570 232
4571 4572 87
4573 4574 240
4575 4576 111
4577 4578 470
4579 4580 24
4581 4582 440
4583 4584 92
4585 4586 97
4587 4588 9
4589 4590 36
4591 4592 93
4593 4594 286
4595 4596 297
4597 4598 134
4599 4600 384
4601 4602 491
4603 4604 39
4605 4606 492
4607 4608 345
4609 4610 123
4611 4612 453
4613 4614 449
4615 4616 114
4617 4618 399
4619 4620 151
4621 4622 283
4623 4624 463
4625 4626 494
4627 4628 13
4629 4630 222
4631 4632 127
4633 4634 80
4635 4636 120
4637 4638 176
4639 4640 324
4641 4642 86
4643 4644 38
4645 4646 119
4647 4648 459
4649 4650 171
4651 4652 212
4653 4654 113
4655 4656 379
4657 4658 481
4659 4660 200
4661 4662 100
4663 4664 92
4665 4666 303
4667 4668 441
4669 4670 190
4671 4672 102
4673 4674 116
4675 4676 391
4677 4678 315
4679 4680 169
4681 4682 283
4683 4684 186
4685 4686 101
4687 4688 498
4689 4690 416
4691 4692 57
4693 4694 240
4695 4696 295
4697 4698 174
4699 4700 331
4701 4702 281
4703 4704 222
4705 4706 395
4707 4708 60
4709 4710 140
4711 4712 113
4713 4714 367
4715 4716 111
4717 4718 21
4719 4720 472
4721 4722 460
4723 4724 286
4725 4726 78
4727 4728 231
4729 4730 290
4731 4732 284
4733 4734 475
4735 4736 153
4737 4738 23
4739 4740 427
4741 4742 63
4743 4744 375
4745 4746 157
4747 4748 419
4749 4750 422
4751 4752 180
4753 4754 457
4755 4756 484
4757 4758 187
4759 4760 73
4761 4762 186
4763 4764 322
4765 4766 437
4767 4768 383
4769 4770 138
4771 4772 67
4773 4774 101
4775 4776 478
4777 4778 140
4779 4780 387
4781 4782 79
4783 4784 422
4785 4786 165
4787 4788 352
4789 4790 64
4791 4792 128
4793 4794 207
4795 4796 34
4797 4798 334
4799 4800 395
4801 4802 396
4803 4804 394
4805 4806 85
4807 4808 159
4809 4810 252
4811 4812 465
4813 4814 233
4815 4816 150
4817 4818 2
4819 4820 465
4821 4822 305
4823 4824 413
4825 4826 211
4827 4828 192
4829 4830 434
4831 4832 164
4833 4834 308
4835 4836 102
4837 4838 348
4839 4840 459
4841 4842 309
4843 4844 499
4845 4846 289
4847 4848 12
4849 4850 118
4851 4852 143
4853 4854 160
4855 4856 416
4857 4858 252
4859 4860 179
4861 4862 65
4863 4864 369
4865 4866 189
4867 4868 171
4869 4870 275
4871 4872 240
4873 4874 386
4875 4876 420
4877 4878 83
4879 4880 290
4881 4882 109
4883 4884 227
4885 4886 11
4887 4888 75
4889 4890 134
4891 4892 196
4893 4894 96
4895 4896 401
4897 4898 2
4899 4900 466
4901 4902 334
4903 4904 67
4905 4906 28
4907 4908 362
4909 4910 329
4911 4912 169
4913 4914 155
4915 4916 245
4917 4918 110
4919 4920 417
4921 4922 5
4923 4924 357
4925 4926 451
4927 4928 79
4929 4930 255
4931 4932 219
4933 4934 19
4935 4936 479
4937 4938 38
4939 4940 258
4941 4942 204
4943 4944 484
4945 4946 216
4947 4948 485
4949 4950 65
4951 4952 354
4953 4954 362
4955 4956 128
4957 4958 485
4959 4960 240
4961 4962 363
4963 4964 176
4965 4966 490
4967 4968 113
4969 4970 24
4971 4972 130
4973 4974 244
4975 4976 155
4977 4978 151
4979 4980 41
4981 4982 258
4983 4984 195
4985 4986 155
4987 4988 29
4989 4990 281
4991 4992 267
4993 4994 149
4995 4996 96
4997 4998 141
4999 5000 399
5001 5002 355
5003 5004 108
5005 5006 108
5007 5008 370
5009 5010 357
5011 5012 105
5013 5014 351
5015 5016 217
5017 5018 152
5019 5020 203
5021 5022 475
5023 5024 138
5025 5026 117
5027 5028 377
5029 5030 220
5031 5032 341
5033 5034 87
5035 5036 401
5037 5038 233
5039 5040 242
5041 5042 328
5043 5044 253
5045 5046 157
5047 5048 8
5049 5050 315
5051 5052 171
5053 5054 170
5055 5056 410
5057 5058 485
5059 5060 174
5061 5062 14
5063 5064 59
5065 5066 477
5067 5068 275
5069 5070 179
5071 5072 447
5073 5074 93
5075 5076 45
5077 5078 102
5079 5080 446
5081 5082 219
5083 5084 493
5085 5086 392
5087 5088 498
5089 5090 265
5091 5092 402
5093 5094 116
5095 5096 367
5097 5098 105
5099 5100 423
5101 5102 302
5103 5104 8
5105 5106 219
5107 5108 290
5109 5110 265
5111 5112 417
5113 5114 8
5115 5116 282
5117 5118 446
5119 5120 163
5121 5122 201
5123 5124 318
5125 5126 226
5127 5128 352
5129 5130 24
5131 5132 432
5133 5134 405
5135 5136 102
5137 5138 236
5139 5140 446
5141 5142 43
5143 5144 352
5145 5146 51
5147 5148 360
5149 5150 47
5151 5152 400
5153 5154 160
5155 5156 166
5157 5158 118
5159 5160 102
5161 5162 169
5163 5164 228
5165 5166 355
5167 5168 13
5169 5170 265
5171 5172 11
5173 5174 325
5175 5176 116
5177 5178 38
5179 5180 58
5181 5182 7
5183 5184 389
5185 5186 109
5187 5188 50
5189 5190 93
5191 5192 133
5193 5194 86
5195 5196 17
5197 5198 391
5199 5200 387
5201 5202 188
5203 5204 49
5205 5206 450
5207 5208 11
5209 5210 190
5211 5212 445
5213 5214 128
5215 5216 127
5217 5218 160
5219 5220 293
5221 5222 433
5223 5224 369
5225 5226 36
5227 5228 349
5229 5230 215
5231 5232 251
5233 5234 370
5235 5236 113
5237 5238 60
5239 5240 348
5241 5242 365
5243 5244 329
5245 5246 74
5247 5248 356
5249 5250 311
5251 5252 233
5253 5254 228
5255 5256 182
5257 5258 189
5259 5260 283
5261 5262 355
5263 5264 165
5265 5266 430
5267 5268 488
5269 5270 174
5271 5272 227
5273 5274 143
5275 5276 315
5277 5278 137
5279 5280 468
5281 5282 17
5283 5284 56
5285 5286 295
5287 5288 256
5289 5290 363
5291 5292 295
5293 5294 69
5295 5296 328
5297 5298 4
5299 5300 19
5301 5302 223
5303 5304 499
5305 5306 404
5307 5308 319
5309 5310 189
5311 5312 434
5313 5314 216
5315 5316 271
5317 5318 155
5319 5320 489
5321 5322 338
5323 5324 425
5325 5326 43
5327 5328 205
5329 5330 414
5331 5332 482
5333 5334 417
5335 5336 302
5337 5338 235
5339 5340 174
5341 5342 303
5343 5344 9
5345 5346 404
5347 5348 118
5349 5350 28
5351 5352 111
5353 5354 113
5355 5356 379
5357 5358 5
5359 5360 225
5361 5362 123
5363 5364 314
5365 5366 222
5367 5368 480
5369 5370 485
5371 5372 316
5373 5374 221
5375 5376 278
5377 5378 304
5379 5380 306
5381 5382 410
5383 5384 108
5385 5386 18
5387 5388 402
5389 5390 448
5391 5392 284
5393 5394 461
5395 5396 116
5397 5398 246
5399 5400 341
5401 5402 232
5403 5404 209
5405 5406 203
5407 5408 390
5409 5410 125
5411 5412 200
5413 5414 182
5415 5416 423
5417 5418 114
5419 5420 345
5421 5422 206
5423 5424 414
5425 5426 303
5427 5428 191
5429 5430 37
5431 5432 315
5433 5434 217
5435 5436 267
5437 5438 492
5439 5440 270
5441 5442 52
5443 5444 134
5445 5446 385
5447 5448 160
5449 5450 130
5451 5452 304
5453 5454 350
5455 5456 234
5457 5458 368
5459 5460 9
5461 5462 141
5463 5464 281
5465 5466 80
5467 5468 496
5469 5470 156
5471 5472 317
5473 5474 261
5475 5476 445
5477 5478 327
5479 5480 19
5481 5482 103
5483 5484 162
5485 5486 92
5487 5488 123
5489 5490 24
5491 5492 316
5493 5494 72
5495 5496 199
5497 5498 168
5499 5500 324
5501 5502 140
5503 5504 307
5505 5506 219
5507 5508 208
5509 5510 494
5511 5512 417
5513 5514 404
5515 5516 497
5517 5518 148
5519 5520 62
5521 5522 325
5523 5524 386
5525 5526 421
5527 5528 35
5529 5530 329
5531 5532 89
5533 5534 130
5535 5536 236
5537 5538 396
5539 5540 304
5541 5542 332
5543 5544 377
5545 5546 25
5547 5548 140
5549 5550 310
5551 5552 73
5553 5554 148
5555 5556 38
5557 5558 194
5559 5560 64
5561 5562 412
5563 5564 126
5565 5566 39
5567 5568 46
5569 5570 235
5571 5572 320
5573 5574 336
5575 5576 12
5577 5578 21
5579 5580 323
5581 5582 378
5583 5584 290
5585 5586 319
5587 5588 185
5589 5590 482
5591 5592 50
5593 5594 244
5595 5596 301
5597 5598 487
5599 5600 449
5601 5602 59
5603 5604 71
5605 5606 432
5607 5608 363
5609 5610 116
5611 5612 327
5613 5614 337
5615 5616 387
5617 5618 332
5619 5620 489
5621 5622 95
5623 5624 238
5625 5626 402
5627 5628 277
5629 5630 484
5631 5632 399
5633 5634 357
5635 5636 228
5637 5638 82
5639 5640 440
5641 5642 391
5643 5644 143
5645 5646 393
5647 5648 125
5649 5650 150
5651 5652 33
5653 5654 278
5655 5656 251
5657 5658 148
5659 5660 205
5661 5662 103
5663 5664 424
5665 5666 405
5667 5668 37
5669 5670 57
5671 5672 230
5673 5674 2
5675 5676 28
5677 5678 363
5679 5680 34
5681 5682 182
5683 5684 151
5685 5686 222
5687 5688 490
5689 5690 266
5691 5692 70
5693 5694 268
5695 5696 334
5697 5698 77
5699 5700 415
5701 5702 401
5703 5704 330
5705 5706 500
5707 5708 499
5709 5710 3
5711 5712 233
5713 5714 244
5715 5716 212
5717 5718 486
5719 5720 137
5721 5722 500
5723 5724 168
5725 5726 36
5727 5728 232
5729 5730 382
5731 5732 111
5733 5734 202
5735 5736 271
5737 5738 5
5739 5740 193
5741 5742 391
5743 5744 188
5745 5746 291
5747 5748 401
5749 5750 442
5751 5752 207
5753 5754 197
5755 5756 315
5757 5758 376
5759 5760 57
5761 5762 263
5763 5764 370
5765 5766 334
5767 5768 448
5769 5770 454
5771 5772 209
5773 5774 429
5775 5776 486
5777 5778 280
5779 5780 10
5781 5782 422
5783 5784 263
5785 5786 321
5787 5788 177
5789 5790 413
5791 5792 214
5793 5794 248
5795 5796 476
5797 5798 442
5799 5800 325
5801 5802 487
5803 5804 447
5805 5806 349
5807 5808 311
5809 5810 48
5811 5812 489
5813 5814 290
5815 5816 327
5817 5818 78
5819 5820 439
5821 5822 94
5823 5824 59
5825 5826 204
5827 5828 72
5829 5830 446
5831 5832 326
5833 5834 268
5835 5836 237
5837 5838 49
5839 5840 181
5841 5842 45
5843 5844 184
5845 5846 267
5847 5848 291
5849 5850 307
5851 5852 11
5853 5854 248
5855 5856 451
5857 5858 142
5859 5860 361
5861 5862 3
5863 5864 25
5865 5866 43
5867 5868 279
5869 5870 198
5871 5872 320
5873 5874 289
5875 5876 202
5877 5878 453
5879 5880 223
5881 5882 285
5883 5884 89
5885 5886 183
5887 5888 265
5889 5890 289
5891 5892 343
5893 5894 215
5895 5896 430
5897 5898 71
5899 5900 471
5901 5902 82
5903 5904 195
5905 5906 339
5907 5908 323
5909 5910 477
5911 5912 24
5913 5914 255
5915 5916 8
5917 5918 202
5919 5920 362
5921 5922 101
5923 5924 358
5925 5926 144
5927 5928 164
5929 5930 200
5931 5932 438
5933 5934 480
5935 5936 11
5937 5938 94
5939 5940 206
5941 5942 135
5943 5944 349
5945 5946 45
5947 5948 95
5949 5950 427
5951 5952 299
5953 5954 85
5955 5956 297
5957 5958 428
5959 5960 84
5961 5962 261
5963 5964 209
5965 5966 341
5967 5968 34
5969 5970 154
5971 5972 56
5973 5974 456
5975 5976 478
5977 5978 56
5979 5980 288
5981 5982 234
5983 5984 86
5985 5986 85
5987 5988 324
5989 5990 368
5991 5992 224
5993 5994 480
5995 5996 210
5997 5998 474
5999 6000 148
6001 6002 323
6003 6004 199
6005 6006 378
6007 6008 89
6009 6010 237
6011 6012 41
6013 6014 286
6015 6016 242
6017 6018 173
6019 6020 464
6021 6022 351
6023 6024 16
6025 6026 470
6027 6028 151
6029 6030 467
6031 6032 122
6033 6034 469
6035 6036 435
6037 6038 488
6039 6040 45
6041 6042 173
6043 6044 160
6045 6046 208
6047 6048 131
6049 6050 466
6051 6052 406
6053 6054 386
6055 6056 194
6057 6058 353
6059 6060 444
6061 6062 312
6063 6064 6
6065 6066 360
6067 6068 440
6069 6070 164
6071 6072 141
6073 6074 471
6075 6076 131
6077 6078 67
6079 6080 382
6081 6082 176
6083 6084 491
6085 6086 10
6087 6088 436
6089 6090 206
6091 6092 390
6093 6094 202
6095 6096 163
6097 6098 483
6099 6100 364
6101 6102 210
6103 6104 490
6105 6106 231
6107 6108 155
6109 6110 209
6111 6112 151
6113 6114 324
6115 6116 90
6117 6118 33
6119 6120 108
6121 6122 469
6123 6124 10
6125 6126 396
6127 6128 341
6129 6130 201
6131 6132 261
6133 6134 388
6135 6136 155
6137 6138 4
6139 6140 130
6141 6142 315
6143 6144 461
6145 6146 276
6147 6148 162
6149 6150 457
6151 6152 402
6153 6154 326
6155 6156 149
6157 6158 347
6159 6160 92
6161 6162 2
6163 6164 37
6165 6166 7
6167 6168 227
6169 6170 272
6171 6172 260
6173 6174 31
6175 6176 422
6177 6178 398
6179 6180 280
6181 6182 178
6183 6184 29
6185 6186 45
6187 6188 382
6189 6190 337
6191 6192 188
6193 6194 373
6195 6196 250
6197 6198 435
6199 6200 393
6201 6202 100
6203 6204 79
6205 6206 298
6207 6208 94
6209 6210 365
6211 6212 190
6213 6214 355
6215 6216 269
6217 6218 468
6219 6220 355
6221 6222 248
6223 6224 131
6225 6226 420
6227 6228 161
6229 6230 431
6231 6232 146
6233 6234 179
6235 6236 414
6237 6238 27
6239 6240 290
6241 6242 312
6243 6244 11
6245 6246 226
6247 6248 438
6249 6250 444
6251 6252 178
6253 6254 35
6255 6256 500
6257 6258 186
6259 6260 68
6261 6262 204
6263 6264 155
6265 6266 456
6267 6268 27
6269 6270 38
6271 6272 99
6273 6274 320
6275 6276 367
6277 6278 349
6279 6280 23
6281 6282 182
6283 6284 251
6285 6286 353
6287 6288 77
6289 6290 347
6291 6292 121
6293 6294 75
6295 6296 278
6297 6298 26
6299 6300 367
6301 6302 497
6303 6304 250
6305 6306 133
6307 6308 133
6309 6310 410
6311 6312 111
6313 6314 195
6315 6316 118
6317 6318 481
6319 6320 267
6321 6322 372
6323 6324 495
6325 6326 445
6327 6328 373
6329 6330 382
6331 6332 178
6333 6334 169
6335 6336 360
6337 6338 257
6339 6340 304
6341 6342 351
6343 6344 108
6345 6346 203
6347 6348 240
6349 6350 389
6351 6352 195
6353 6354 455
6355 6356 416
6357 6358 132
6359 6360 199
6361 6362 444
6363 6364 106
6365 6366 136
6367 6368 429
6369 6370 236
6371 6372 25
6373 6374 230
6375 6376 433
6377 6378 299
6379 6380 480
6381 6382 172
6383 6384 227
6385 6386 268
6387 6388 22
6389 6390 235
6391 6392 92
6393 6394 42
6395 6396 410
6397 6398 310
6399 6400 496
6401 6402 293
6403 6404 377
6405 6406 290
6407 6408 314
6409 6410 191
6411 6412 114
6413 6414 487
6415 6416 420
6417 6418 432
6419 6420 467
6421 6422 323
6423 6424 341
6425 6426 250
6427 6428 226
6429 6430 202
6431 6432 281
6433 6434 477
6435 6436 161
6437 6438 202
6439 6440 149
6441 6442 500
6443 6444 304
6445 6446 3
6447 6448 453
6449 6450 305
6451 6452 1
6453 6454 148
6455 6456 236
6457 6458 430
6459 6460 139
6461 6462 135
6463 6464 33
6465 6466 403
6467 6468 296
6469 6470 318
6471 6472 89
6473 6474 355
6475 6476 269
6477 6478 195
6479 6480 6
6481 6482 338
6483 6484 263
6485 6486 126
6487 6488 490
6489 6490 162
6491 6492 94
6493 6494 203
6495 6496 477
6497 6498 190
6499 6500 423
6501 6502 416
6503 6504 199
6505 6506 122
6507 6508 482
6509 6510 394
6511 6512 181
6513 6514 192
6515 6516 6
6517 6518 50
6519 6520 484
6521 6522 257
6523 6524 101
6525 6526 295
6527 6528 486
6529 6530 58
6531 6532 166
6533 6534 113
6535 6536 251
6537 6538 346
6539 6540 91
6541 6542 398
6543 6544 184
6545 6546 408
6547 6548 400
6549 6550 427
6551 6552 245
6553 6554 361
6555 6556 402
6557 6558 388
6559 6560 100
6561 6562 499
6563 6564 210
6565 6566 335
6567 6568 449
6569 6570 273
6571 6572 392
6573 6574 191
6575 6576 134
6577 6578 38
6579 6580 160
6581 6582 416
6583 6584 44
6585 6586 303
6587 6588 481
6589 6590 449
6591 6592 132
6593 6594 353
6595 6596 174
6597 6598 270
6599 6600 23
6601 6602 399
6603 6604 102
6605 6606 387
6607 6608 219
6609 6610 252
6611 6612 106
6613 6614 446
6615 6616 111
6617 6618 138
6619 6620 86
6621 6622 290
6623 6624 416
6625 6626 40
6627 6628 422
6629 6630 113
6631 6632 196
6633 6634 222
6635 6636 256
6637 6638 284
6639 6640 296
6641 6642 303
6643 6644 409
6645 6646 179
6647 6648 25
6649 6650 36
6651 6652 121
6653 6654 342
6655 6656 219
6657 6658 471
6659 6660 136
6661 6662 196
6663 6664 477
6665 6666 361
6667 6668 228
6669 6670 109
6671 6672 51
6673 6674 427
6675 6676 33
6677 6678 249
6679 6680 149
6681 6682 125
6683 6684 374
6685 6686 60
6687 6688 207
6689 6690 13
6691 6692 432
6693 6694 402
6695 6696 432
6697 6698 298
6699 6700 94
6701 6702 341
6703 6704 24
6705 6706 189
6707 6708 98
6709 6710 223
6711 6712 441
6713 6714 317
6715 6716 427
6717 6718 113
6719 6720 437
6721 6722 448
6723 6724 230
6725 6726 294
6727 6728 451
6729 6730 68
6731 6732 8
6733 6734 453
6735 6736 312
6737 6738 375
6739 6740 397
6741 6742 203
6743 6744 489
6745 6746 401
6747 6748 17
6749 6750 6
6751 6752 117
6753 6754 65
6755 6756 65
6757 6758 462
6759 6760 116
6761 6762 346
6763 6764 54
6765 6766 171
6767 6768 150
6769 6770 357
6771 6772 472
6773 6774 106
6775 6776 124
6777 6778 37
6779 6780 79
6781 6782 172
6783 6784 257
6785 6786 412
6787 6788 272
6789 6790 387
6791 6792 282
6793 6794 229
6795 6796 410
6797 6798 203
6799 6800 54
6801 6802 310
6803 6804 301
6805 6806 416
6807 6808 342
6809 6810 475
6811 6812 152
6813 6814 360
6815 6816 191
6817 6818 341
6819 6820 458
6821 6822 180
6823 6824 407
6825 6826 292
6827 6828 452
6829 6830 327
6831 6832 175
6833 6834 499
6835 6836 144
6837 6838 30
6839 6840 105
6841 6842 55
6843 6844 175
6845 6846 431
6847 6848 369
6849 6850 434
6851 6852 96
6853 6854 488
6855 6856 286
6857 6858 164
6859 6860 423
6861 6862 304
6863 6864 19
6865 6866 121
6867 6868 390
6869 6870 480
6871 6872 231
6873 6874 136
6875 6876 105
6877 6878 45
6879 6880 124
6881 6882 375
6883 6884 458
6885 6886 473
6887 6888 496
6889 6890 15
6891 6892 254
6893 6894 91
6895 6896 279
6897 6898 198
6899 6900 283
6901 6902 431
6903 6904 307
6905 6906 299
6907 6908 250
6909 6910 399
6911 6912 246
6913 6914 324
6915 6916 344
6917 6918 367
6919 6920 270
6921 6922 350
6923 6924 415
6925 6926 141
6927 6928 409
6929 6930 306
6931 6932 454
6933 6934 478
6935 6936 323
6937 6938 100
6939 6940 81
6941 6942 330
6943 6944 448
6945 6946 371
6947 6948 172
6949 6950 12
6951 6952 205
6953 6954 118
6955 6956 371
6957 6958 126
6959 6960 184
6961 6962 386
6963 6964 198
6965 6966 320
6967 6968 447
6969 6970 41
6971 6972 272
6973 6974 443
6975 6976 395
6977 6978 70
6979 6980 37
6981 6982 190
6983 6984 181
6985 6986 314
6987 6988 169
6989 6990 293
6991 6992 408
6993 6994 37
6995 6996 75
6997 6998 372
6999 7000 416
7001 7002 36
7003 7004 117
7005 7006 420
7007 7008 251
7009 7010 391
7011 7012 187
7013 7014 123
7015 7016 369
7017 7018 175
7019 7020 58
7021 7022 135
7023 7024 52
7025 7026 63
7027 7028 266
7029 7030 21
7031 7032 204
7033 7034 1
7035 7036 138
7037 7038 384
7039 7040 58
7041 7042 48
7043 7044 452
7045 7046 454
7047 7048 500
7049 7050 490
7051 7052 407
7053 7054 352
7055 7056 102
7057 7058 335
7059 7060 449
7061 7062 60
7063 7064 88
7065 7066 159
7067 7068 410
7069 7070 219
7071 7072 178
7073 7074 342
7075 7076 256
7077 7078 340
7079 7080 437
7081 7082 478
7083 7084 343
7085 7086 224
7087 7088 320
7089 7090 287
7091 7092 245
7093 7094 306
7095 7096 497
7097 7098 353
7099 7100 116
7101 7102 278
7103 7104 37
7105 7106 307
7107 7108 2
7109 7110 474
7111 7112 77
7113 7114 74
7115 7116 176
7117 7118 264
7119 7120 238
7121 7122 407
7123 7124 219
7125 7126 113
7127 7128 450
7129 7130 368
7131 7132 289
7133 7134 29
7135 7136 392
7137 7138 366
7139 7140 41
7141 7142 279
7143 7144 198
7145 7146 232
7147 7148 495
7149 7150 204
7151 7152 326
7153 7154 142
7155 7156 127
7157 7158 304
7159 7160 105
7161 7162 106
7163 7164 286
7165 7166 271
7167 7168 116
7169 7170 160
7171 7172 184
7173 7174 462
7175 7176 296
7177 7178 33
7179 7180 444
7181 7182 5
7183 7184 481
7185 7186 146
7187 7188 22
7189 7190 241
7191 7192 380
7193 7194 421
7195 7196 259
7197 7198 191
7199 7200 493
7201 7202 5
7203 7204 82
7205 7206 333
7207 7208 182
7209 7210 416
7211 7212 177
7213 7214 356
7215 7216 75
7217 7218 67
7219 7220 135
7221 7222 375
7223 7224 263
7225 7226 478
7227 7228 251
7229 7230 296
7231 7232 394
7233 7234 44
7235 7236 273
7237 7238 16
7239 7240 325
7241 7242 28
7243 7244 150
7245 7246 73
7247 7248 202
7249 7250 444
7251 7252 113
7253 7254 450
7255 7256 321
7257 7258 290
7259 7260 453
7261 7262 117
7263 7264 127
7265 7266 35
7267 7268 303
7269 7270 182
7271 7272 239
7273 7274 88
7275 7276 271
7277 7278 206
7279 7280 328
7281 7282 180
7283 7284 178
7285 7286 460
7287 7288 477
7289 7290 468
7291 7292 1
7293 7294 353
7295 7296 443
7297 7298 47
7299 7300 430
7301 7302 328
7303 7304 288
7305 7306 107
7307 7308 465
7309 7310 80
7311 7312 145
7313 7314 131
7315 7316 462
7317 7318 353
7319 7320 59
7321 7322 9
7323 7324 436
7325 7326 349
7327 7328 143
7329 7330 31
7331 7332 345
7333 7334 365
7335 7336 65
7337 7338 158
7339 7340 170
7341 7342 262
7343 7344 461
7345 7346 343
7347 7348 286
7349 7350 379
7351 7352 319
7353 7354 279
7355 7356 456
7357 7358 230
7359 7360 338
7361 7362 426
7363 7364 452
7365 7366 327
7367 7368 86
7369 7370 104
7371 7372 273
7373 7374 477
7375 7376 53
7377 7378 483
7379 7380 414
7381 7382 231
7383 7384 393
7385 7386 16
7387 7388 485
7389 7390 38
7391 7392 154
7393 7394 104
7395 7396 399
7397 7398 448
7399 7400 252
7401 7402 108
7403 7404 286
7405 7406 220
7407 7408 341
7409 7410 330
7411 7412 96
7413 7414 2
7415 7416 225
7417 7418 440
7419 7420 395
7421 7422 175
7423 7424 75
7425 7426 433
7427 7428 148
7429 7430 288
7431 7432 162
7433 7434 150
7435 7436 356
7437 7438 223
7439 7440 251
7441 7442 111
7443 7444 385
7445 7446 75
7447 7448 122
7449 7450 89
7451 7452 269
7453 7454 428
7455 7456 252
7457 7458 41
7459 7460 294
7461 7462 452
7463 7464 93
7465 7466 61
7467 7468 364
7469 7470 208
7471 7472 354
7473 7474 133
7475 7476 174
7477 7478 292
7479 7480 369
7481 7482 326
7483 7484 291
7485 7486 321
7487 7488 266
7489 7490 394
7491 7492 288
7493 7494 158
7495 7496 211
7497 7498 174
7499 7500 159
7501 7502 403
7503 7504 195
7505 7506 458
7507 7508 295
7509 7510 19
7511 7512 89
7513 7514 396
7515 7516 105
7517 7518 70
7519 7520 176
7521 7522 452
7523 7524 415
7525 7526 135
7527 7528 54
7529 7530 167
7531 7532 206
7533 7534 177
7535 7536 252
7537 7538 457
7539 7540 140
7541 7542 354
7543 7544 432
7545 7546 206
7547 7548 141
7549 7550 214
7551 7552 120
7553 7554 184
7555 7556 35
7557 7558 421
7559 7560 237
7561 7562 78
7563 7564 18
7565 7566 352
7567 7568 108
7569 7570 371
7571 7572 426
7573 7574 411
7575 7576 452
7577 7578 378
7579 7580 88
7581 7582 404
7583 7584 350
7585 7586 459
7587 7588 26
7589 7590 454
7591 7592 159
7593 7594 105
7595 7596 145
7597 7598 125
7599 7600 6
7601 7602 342
7603 7604 125
7605 7606 218
7607 7608 130
7609 7610 355
7611 7612 217
7613 7614 58
7615 7616 142
7617 7618 102
7619 7620 487
7621 7622 338
7623 7624 73
7625 7626 332
7627 7628 32
7629 7630 361
7631 7632 21
7633 7634 184
7635 7636 450
7637 7638 450
7639 7640 487
7641 7642 316
7643 7644 345
7645 7646 257
7647 7648 34
7649 7650 351
7651 7652 67
7653 7654 361
7655 7656 442
7657 7658 276
7659 7660 399
7661 7662 117
7663 7664 444
7665 7666 498
7667 7668 458
7669 7670 277
7671 7672 449
7673 7674 492
7675 7676 247
7677 7678 480
7679 7680 394
7681 7682 260
7683 7684 284
7685 7686 110
7687 7688 496
7689 7690 472
7691 7692 98
7693 7694 256
7695 7696 480
7697 7698 261
7699 7700 16
7701 7702 24
7703 7704 118
7705 7706 286
7707 7708 376
7709 7710 223
7711 7712 116
7713 7714 267
7715 7716 415
7717 7718 144
7719 7720 382
7721 7722 202
7723 7724 59
7725 7726 376
7727 7728 245
7729 7730 148
7731 7732 352
7733 7734 237
7735 7736 481
7737 7738 449
7739 7740 196
7741 7742 174
7743 7744 471
7745 7746 477
7747 7748 303
7749 7750 267
7751 7752 478
7753 7754 202
7755 7756 340
7757 7758 375
7759 7760 97
7761 7762 219
7763 7764 103
7765 7766 463
7767 7768 466
7769 7770 452
7771 7772 132
7773 7774 27
7775 7776 304
7777 7778 112
7779 7780 233
7781 7782 95
7783 7784 207
7785 7786 247
7787 7788 35
7789 7790 365
7791 7792 4
7793 7794 274
7795 7796 484
7797 7798 41
7799 7800 168
7801 7802 73
7803 7804 3
7805 7806 468
7807 7808 198
7809 7810 212
7811 7812 147
7813 7814 124
7815 7816 406
7817 7818 83
7819 7820 80
7821 7822 274
7823 7824 189
7825 7826 68
7827 7828 57
7829 7830 413
7831 7832 209
7833 7834 313
7835 7836 43
7837 7838 160
7839 7840 213
7841 7842 340
7843 7844 83
7845 7846 442
7847 7848 41
7849 7850 86
7851 7852 241
7853 7854 151
7855 7856 433
7857 7858 438
7859 7860 136
7861 7862 191
7863 7864 352
7865 7866 158
7867 7868 255
7869 7870 479
7871 7872 342
7873 7874 48
7875 7876 245
7877 7878 15
7879 7880 96
7881 7882 330
7883 7884 149
7885 7886 387
7887 7888 280
7889 7890 381
7891 7892 100
7893 7894 427
7895 7896 467
7897 7898 477
7899 7900 218
7901 7902 257
7903 7904 253
7905 7906 134
7907 7908 235
7909 7910 167
7911 7912 207
7913 7914 259
7915 7916 182
7917 7918 37
7919 7920 94
7921 7922 468
7923 7924 174
7925 7926 267
7927 7928 426
7929 7930 348
7931 7932 23
7933 7934 245
7935 7936 65
7937 7938 131
7939 7940 454
7941 7942 364
7943 7944 26
7945 7946 296
7947 7948 5
7949 7950 22
7951 7952 67
7953 7954 87
7955 7956 89
7957 7958 319
7959 7960 232
7961 7962 114
7963 7964 306
7965 7966 64
7967 7968 48
7969 7970 91
7971 7972 266
7973 7974 493
7975 7976 262
7977 7978 253
7979 7980 272
7981 7982 152
7983 7984 248
7985 7986 307
7987 7988 331
7989 7990 157
7991 7992 149
7993 7994 230
7995 7996 369
7997 7998 212
7999 8000 265
8001 8002 61
8003 8004 283
8005 8006 103
8007 8008 141
8009 8010 36
8011 8012 280
8013 8014 183
8015 8016 126
8017 8018 434
8019 8020 354
8021 8022 382
8023 8024 467
8025 8026 277
8027 8028 44
8029 8030 85
8031 8032 233
8033 8034 429
8035 8036 112
8037 8038 269
8039 8040 221
8041 8042 263
8043 8044 459
8045 8046 430
8047 8048 320
8049 8050 376
8051 8052 254
8053 8054 30
8055 8056 176
8057 8058 297
8059 8060 297
8061 8062 425
8063 8064 254
8065 8066 190
8067 8068 445
8069 8070 368
8071 8072 239
8073 8074 252
8075 8076 400
8077 8078 302
8079 8080 61
8081 8082 443
8083 8084 163
8085 8086 465
8087 8088 237
8089 8090 497
8091 8092 131
8093 8094 200
8095 8096 437
8097 8098 7
8099 8100 87
8101 8102 108
8103 8104 66
8105 8106 230
8107 8108 275
8109 8110 75
8111 8112 271
8113 8114 436
8115 8116 92
8117 8118 458
8119 8120 7
8121 8122 39
8123 8124 130
8125 8126 42
8127 8128 406
8129 8130 118
8131 8132 172
8133 8134 393
8135 8136 290
8137 8138 192
8139 8140 345
8141 8142 481
8143 8144 75
8145 8146 113
8147 8148 228
8149 8150 313
8151 8152 130
8153 8154 72
8155 8156 152
8157 8158 303
8159 8160 59
8161 8162 292
8163 8164 331
8165 8166 405
8167 8168 29
8169 8170 239
8171 8172 424
8173 8174 308
8175 8176 423
8177 8178 152
8179 8180 196
8181 8182 183
8183 8184 66
8185 8186 230
8187 8188 270
8189 8190 148
8191 8192 11
8193 8194 221
8195 8196 5
8197 8198 339
8199 8200 103
8201 8202 136
8203 8204 318
8205 8206 100
8207 8208 274
8209 8210 476
8211 8212 306
8213 8214 30
8215 8216 405
8217 8218 405
8219 8220 337
8221 8222 302
8223 8224 361
8225 8226 354
8227 8228 207
8229 8230 37
8231 8232 79
8233 8234 460
8235 8236 236
8237 8238 243
8239 8240 240
8241 8242 85
8243 8244 307
8245 8246 336
8247 8248 113
8249 8250 359
8251 8252 370
8253 8254 385
8255 8256 169
8257 8258 427
8259 8260 142
8261 8262 189
8263 8264 471
8265 8266 79
8267 8268 283
8269 8270 285
8271 8272 67
8273 8274 452
8275 8276 158
8277 8278 364
8279 8280 54
8281 8282 279
8283 8284 27
8285 8286 249
8287 8288 171
8289 8290 365
8291 8292 389
8293 8294 357
8295 8296 138
8297 8298 85
8299 8300 184
8301 8302 90
8303 8304 209
8305 8306 475
8307 8308 183
8309 8310 179
8311 8312 129
8313 8314 284
8315 8316 180
8317 8318 127
8319 8320 464
8321 8322 31
8323 8324 366
8325 8326 465
8327 8328 355
8329 8330 206
8331 8332 23
8333 8334 251
8335 8336 367
8337 8338 309
8339 8340 75
8341 8342 38
8343 8344 29
8345 8346 193
8347 8348 401
8349 8350 437
8351 8352 242
8353 8354 450
8355 8356 310
8357 8358 231
8359 8360 360
8361 8362 60
8363 8364 341
8365 8366 296
8367 8368 321
8369 8370 313
8371 8372 17
8373 8374 462
8375 8376 484
8377 8378 79
8379 8380 141
8381 8382 344
8383 8384 338
8385 8386 290
8387 8388 72
8389 8390 437
8391 8392 105
8393 8394 423
8395 8396 413
8397 8398 232
8399 8400 34
8401 8402 384
8403 8404 181
8405 8406 11
8407 8408 28
8409 8410 290
8411 8412 447
8413 8414 30
8415 8416 472
8417 8418 363
8419 8420 110
8421 8422 364
8423 8424 463
8425 8426 428
8427 8428 130
8429 8430 224
8431 8432 150
8433 8434 198
8435 8436 325
8437 8438 105
8439 8440 233
8441 8442 20
8443 8444 373
8445 8446 115
8447 8448 132
8449 8450 200
8451 8452 383
8453 8454 212
8455 8456 413
8457 8458 423
8459 8460 75
8461 8462 461
8463 8464 250
8465 8466 486
8467 8468 224
8469 8470 361
8471 8472 276
8473 8474 337
8475 8476 445
8477 8478 119
8479 8480 447
8481 8482 362
8483 8484 228
8485 8486 79
8487 8488 69
8489 8490 107
8491 8492 359
8493 8494 203
8495 8496 317
8497 8498 286
8499 8500 429
8501 8502 33
8503 8504 31
8505 8506 15
8507 8508 9
8509 8510 299
8511 8512 35
8513 8514 463
8515 8516 106
8517 8518 23
8519 8520 338
8521 8522 273
8523 8524 455
8525 8526 81
8527 8528 98
8529 8530 470
8531 8532 276
8533 8534 226
8535 8536 261
8537 8538 132
8539 8540 471
8541 8542 62
8543 8544 397
8545 8546 280
8547 8548 427
8549 8550 115
8551 8552 111
8553 8554 178
8555 8556 351
8557 8558 10
8559 8560 110
8561 8562 233
8563 8564 458
8565 8566 119
8567 8568 106
8569 8570 122
8571 8572 361
8573 8574 466
8575 8576 441
8577 8578 379
8579 8580 113
8581 8582 262
8583 8584 5
8585 8586 310
8587 8588 125
8589 8590 214
8591 8592 12
8593 8594 477
8595 8596 272
8597 8598 414
8599 8600 330
8601 8602 436
8603 8604 197
8605 8606 256
8607 8608 454
8609 8610 26
8611 8612 260
8613 8614 396
8615 8616 386
8617 8618 324
8619 8620 486
8621 8622 260
8623 8624 399
8625 8626 132
8627 8628 352
8629 8630 236
8631 8632 266
8633 8634 220
8635 8636 29
8637 8638 246
8639 8640 63
8641 8642 371
8643 8644 30
8645 8646 79
8647 8648 74
8649 8650 184
8651 8652 72
8653 8654 70
8655 8656 49
8657 8658 57
8659 8660 209
8661 8662 454
8663 8664 3
8665 8666 196
8667 8668 276
8669 8670 494
8671 8672 84
8673 8674 27
8675 8676 52
8677 8678 426
8679 8680 284
8681 8682 411
8683 8684 452
8685 8686 279
8687 8688 215
8689 8690 168
8691 8692 267
8693 8694 50
8695 8696 57
8697 8698 376
8699 8700 81
8701 8702 370
8703 8704 467
8705 8706 429
8707 8708 379
8709 8710 266
8711 8712 115
8713 8714 241
8715 8716 347
8717 8718 239
8719 8720 110
8721 8722 193
8723 8724 179
8725 8726 244
8727 8728 250
8729 8730 367
8731 8732 332
8733 8734 21
8735 8736 449
8737 8738 144
8739 8740 89
8741 8742 81
8743 8744 464
8745 8746 206
8747 8748 433
8749 8750 66
8751 8752 63
8753 8754 208
8755 8756 351
8757 8758 406
8759 8760 390
8761 8762 294
8763 8764 278
8765 8766 372
8767 8768 410
8769 8770 311
8771 8772 385
8773 8774 492
8775 8776 320
8777 8778 387
8779 8780 445
8781 8782 412
8783 8784 359
8785 8786 46
8787 8788 358
8789 8790 72
8791 8792 340
8793 8794 226
8795 8796 239
8797 8798 334
8799 8800 242
8801 8802 173
8803 8804 49
8805 8806 421
8807 8808 116
8809 8810 241
8811 8812 243
8813 8814 360
8815 8816 104
8817 8818 438
8819 8820 240
8821 8822 451
8823 8824 71
8825 8826 262
8827 8828 374
8829 8830 141
8831 8832 429
8833 8834 23
8835 8836 474
8837 8838 144
8839 8840 212
8841 8842 244
8843 8844 268
8845 8846 37
8847 8848 454
8849 8850 189
8851 8852 178
8853 8854 282
8855 8856 414
8857 8858 461
8859 8860 381
8861 8862 230
8863 8864 68
8865 8866 9
8867 8868 222
8869 8870 194
8871 8872 375
8873 8874 211
8875 8876 462
8877 8878 397
8879 8880 208
8881 8882 417
8883 8884 61
8885 8886 19
8887 8888 313
8889 8890 375
8891 8892 450
8893 8894 251
8895 8896 40
8897 8898 121
8899 8900 291
8901 8902 233
8903 8904 421
8905 8906 298
8907 8908 465
8909 8910 69
8911 8912 402
8913 8914 415
8915 8916 237
8917 8918 322
8919 8920 164
8921 8922 496
8923 8924 218
8925 8926 499
8927 8928 371
8929 8930 378
8931 8932 185
8933 8934 264
8935 8936 58
8937 8938 475
8939 8940 441
8941 8942 285
8943 8944 116
8945 8946 485
8947 8948 459
8949 8950 442
8951 8952 265
8953 8954 408
8955 8956 257
8957 8958 52
8959 8960 114
8961 8962 443
8963 8964 291
8965 8966 286
8967 8968 297
8969 8970 322
8971 8972 422
8973 8974 379
8975 8976 113
8977 8978 92
8979 8980 257
8981 8982 84
8983 8984 461
8985 8986 73
8987 8988 247
8989 8990 19
8991 8992 360
8993 8994 456
8995 8996 394
8997 8998 330
8999 9000 157
9001 9002 493
9003 9004 305
9005 9006 180
9007 9008 477
9009 9010 29
9011 9012 466
9013 9014 162
9015 9016 333
9017 9018 46
9019 9020 228
9021 9022 201
9023 9024 392
9025 9026 307
9027 9028 279
9029 9030 414
9031 9032 164
9033 9034 75
9035 9036 54
9037 9038 96
9039 9040 44
9041 9042 358
9043 9044 261
9045 9046 435
9047 9048 306
9049 9050 60
9051 9052 27
9053 9054 397
9055 9056 154
9057 9058 208
9059 9060 342
9061 9062 262
9063 9064 276
9065 9066 166
9067 9068 35
9069 9070 284
9071 9072 435
9073 9074 174
9075 9076 102
9077 9078 121
9079 9080 360
9081 9082 118
9083 9084 41
9085 9086 386
9087 9088 17
9089 9090 26
9091 9092 53
9093 9094 228
9095 9096 371
9097 9098 411
9099 9100 371
9101 9102 359
9103 9104 424
9105 9106 369
9107 9108 320
9109 9110 290
9111 9112 423
9113 9114 419
9115 9116 494
9117 9118 152
9119 9120 393
9121 9122 376
9123 9124 348
9125 9126 340
9127 9128 150
9129 9130 500
9131 9132 474
9133 9134 443
9135 9136 425
9137 9138 299
9139 9140 361
9141 9142 40
9143 9144 72
9145 9146 8
9147 9148 391
9149 9150 40
9151 9152 169
9153 9154 72
9155 9156 268
9157 9158 126
9159 9160 97
9161 9162 354
9163 9164 228
9165 9166 170
9167 9168 310
9169 9170 257
9171 9172 285
9173 9174 352
9175 9176 436
9177 9178 53
9179 9180 187
9181 9182 465
9183 9184 297
9185 9186 261
9187 9188 111
9189 9190 161
9191 9192 20
9193 9194 469
9195 9196 444
9197 9198 267
9199 9200 154
9201 9202 227
9203 9204 495
9205 9206 480
9207 9208 120
9209 9210 391
9211 9212 295
9213 9214 225
9215 9216 322
9217 9218 402
9219 9220 63
9221 9222 5
9223 9224 471
9225 9226 364
9227 9228 259
9229 9230 435
9231 9232 12
9233 9234 482
9235 9236 467
9237 9238 362
9239 9240 460
9241 9242 497
9243 9244 86
9245 9246 26
9247 9248 194
9249 9250 400
9251 9252 114
9253 9254 102
9255 9256 105
9257 9258 33
9259 9260 285
9261 9262 146
9263 9264 21
9265 9266 487
9267 9268 293
9269 9270 397
9271 9272 198
9273 9274 416
9275 9276 165
9277 9278 41
9279 9280 487
9281 9282 334
9283 9284 370
9285 9286 59
9287 9288 329
9289 9290 143
9291 9292 138
9293 9294 120
9295 9296 118
9297 9298 97
9299 9300 351
9301 9302 104
9303 9304 71
9305 9306 295
9307 9308 326
9309 9310 265
9311 9312 205
9313 9314 336
9315 9316 136
9317 9318 219
9319 9320 447
9321 9322 134
9323 9324 66
9325 9326 180
9327 9328 331
9329 9330 277
9331 9332 86
9333 9334 252
9335 9336 287
9337 9338 51
9339 9340 32
9341 9342 117
9343 9344 337
9345 9346 28
9347 9348 97
9349 9350 411
9351 9352 93
9353 9354 464
9355 9356 401
9357 9358 407
9359 9360 402
9361 9362 243
9363 9364 318
9365 9366 411
9367 9368 420
9369 9370 70
9371 9372 3
9373 9374 36
9375 9376 304
9377 9378 218
9379 9380 160
9381 9382 126
9383 9384 459
9385 9386 444
9387 9388 474
9389 9390 194
9391 9392 429
9393 9394 394
9395 9396 202
9397 9398 376
9399 9400 188
9401 9402 309
9403 9404 467
9405 9406 29
9407 9408 398
9409 9410 172
9411 9412 55
9413 9414 250
9415 9416 41
9417 9418 158
9419 9420 451
9421 9422 400
9423 9424 313
9425 9426 207
9427 9428 241
9429 9430 117
9431 9432 153
9433 9434 260
9435 9436 12
9437 9438 291
9439 9440 334
9441 9442 82
9443 9444 387
9445 9446 28
9447 9448 124
9449 9450 271
9451 9452 54
9453 9454 334
9455 9456 498
9457 9458 425
9459 9460 131
9461 9462 320
9463 9464 171
9465 9466 246
9467 9468 99
9469 9470 430
9471 9472 76
9473 9474 76
9475 9476 474
9477 9478 235
9479 9480 407
9481 9482 452
9483 9484 294
9485 9486 199
9487 9488 407
9489 9490 125
9491 9492 342
9493 9494 293
9495 9496 157
9497 9498 81
9499 9500 312
9501 9502 342
9503 9504 198
9505 9506 430
9507 9508 386
9509 9510 215
9511 9512 404
9513 9514 313
9515 9516 349
9517 9518 89
9519 9520 52
9521 9522 65
9523 9524 82
9525 9526 383
9527 9528 239
9529 9530 491
9531 9532 289
9533 9534 175
9535 9536 100
9537 9538 234
9539 9540 274
9541 9542 205
9543 9544 83
9545 9546 489
9547 9548 303
9549 9550 304
9551 9552 33
9553 9554 397
9555 9556 294
9557 9558 476
9559 9560 89
9561 9562 230
9563 9564 295
9565 9566 18
9567 9568 70
9569 9570 227
9571 9572 235
9573 9574 58
9575 9576 147
9577 9578 127
9579 9580 97
9581 9582 113
9583 9584 148
9585 9586 235
9587 9588 457
9589 9590 260
9591 9592 379
9593 9594 347
9595 9596 218
9597 9598 124
9599 9600 358
9601 9602 442
9603 9604 189
9605 9606 449
9607 9608 4
9609 9610 335
9611 9612 477
9613 9614 455
9615 9616 45
9617 9618 101
9619 9620 333
9621 9622 71
9623 9624 421
9625 9626 199
9627 9628 279
9629 9630 70
9631 9632 437
9633 9634 17
9635 9636 457
9637 9638 112
9639 9640 383
9641 9642 33
9643 9644 269
9645 9646 349
9647 9648 108
9649 9650 139
9651 9652 345
9653 9654 221
9655 9656 360
9657 9658 180
9659 9660 206
9661 9662 495
9663 9664 346
9665 9666 108
9667 9668 323
9669 9670 412
9671 9672 35
9673 9674 75
9675 9676 277
9677 9678 1
9679 9680 346
9681 9682 146
9683 9684 52
9685 9686 333
9687 9688 217
9689 9690 493
9691 9692 285
9693 9694 481
9695 9696 122
9697 9698 418
9699 9700 183
9701 9702 426
9703 9704 96
9705 9706 211
9707 9708 493
9709 9710 176
9711 9712 353
9713 9714 400
9715 9716 399
9717 9718 373
9719 9720 78
9721 9722 370
9723 9724 484
9725 9726 118
9727 9728 414
9729 9730 117
9731 9732 329
9733 9734 360
9735 9736 183
9737 9738 413
9739 9740 81
9741 9742 449
9743 9744 322
9745 9746 433
9747 9748 37
9749 9750 3
9751 9752 50
9753 9754 438
9755 9756 424
9757 9758 406
9759 9760 338
9761 9762 397
9763 9764 399
9765 9766 351
9767 9768 175
9769 9770 373
9771 9772 466
9773 9774 187
9775 9776 62
9777 9778 465
9779 9780 444
9781 9782 439
9783 9784 404
9785 9786 141
9787 9788 484
9789 9790 497
9791 9792 118
9793 9794 294
9795 9796 240
9797 9798 450
9799 9800 2
9801 9802 437
9803 9804 94
9805 9806 216
9807 9808 390
9809 9810 91
9811 9812 433
9813 9814 46
9815 9816 320
9817 9818 378
9819 9820 472
9821 9822 376
9823 9824 392
9825 9826 31
9827 9828 197
9829 9830 329
9831 9832 350
9833 9834 488
9835 9836 221
9837 9838 441
9839 9840 349
9841 9842 132
9843 9844 120
9845 9846 2
9847 9848 428
9849 9850 380
9851 9852 132
9853 9854 201
9855 9856 118
9857 9858 115
9859 9860 410
9861 9862 199
9863 9864 176
9865 9866 303
9867 9868 282
9869 9870 420
9871 9872 408
9873 9874 110
9875 9876 384
9877 9878 363
9879 9880 207
9881 9882 131
9883 9884 463
9885 9886 459
9887 9888 373
9889 9890 75
9891 9892 147
9893 9894 85
9895 9896 464
9897 9898 397
9899 9900 123
9901 9902 243
9903 9904 289
9905 9906 247
9907 9908 49
9909 9910 8
9911 9912 261
9913 9914 267
9915 9916 325
9917 9918 6
9919 9920 184
9921 9922 94
9923 9924 75
9925 9926 92
9927 9928 9
9929 9930 249
9931 9932 405
9933 9934 326
9935 9936 106
9937 9938 157
9939 9940 130
9941 9942 488
9943 9944 124
9945 9946 260
9947 9948 325
9949 9950 443
9951 9952 262
9953 9954 430
9955 9956 298
9957 9958 123
9959 9960 180
9961 9962 191
9963 9964 453
9965 9966 276
9967 9968 493
9969 9970 374
9971 9972 455
9973 9974 423
9975 9976 297
9977 9978 144
9979 9980 46
9981 9982 150
9983 9984 79
9985 9986 281
9987 9988 188
9989 9990 415
9991 9992 442
9993 9994 194
9995 9996 327
9997 9998 80
9999 10000 38
10001 10002 55
10003 10004 48
10005 10006 442
10007 10008 40
10009 10010 239
10011 10012 405
10013 10014 438
10015 10016 238
10017 10018 70