25
1 21 
9 21 
1 2 
1 3 
1 6 
1 7 
1 8 
1 9 
1 11 
1 12 
1 23 
2 5 
2 6 
2 10 
2 13 
2 18 
2 19 
2 24 
3 4 
3 5 
3 7 
3 9 
3 10 
3 11 
3 12 
3 13 
3 15 
3 21 
3 23 
4 13 
4 14 
4 18 
4 23 
5 7 
5 8 
5 9 
5 10 
5 14 
5 15 
5 16 
5 22 
6 7 
6 9 
6 13 
6 16 
6 17 
6 18 
6 21 
7 8 
7 13 
7 16 
7 17 
7 19 
7 21 
7 22 
7 23 
8 12 
8 15 
8 16 
8 17 
8 21 
9 11 
9 13 
9 16 
9 19 
9 23 
10 12 
10 13 
10 17 
10 18 
10 19 
11 12 
11 16 
11 17 
11 18 
11 21 
11 22 
11 24 
12 13 
12 17 
12 21 
12 23 
13 18 
13 23 
13 24 
14 16 
14 20 
14 21 
14 23 
15 21 
15 22 
15 23 
15 24 
17 19 
17 22 
18 19 
18 20 
19 20 
19 23 
20 21 
20 22 
20 24 
21 24 
22 24 
23 24 
