40
1 32 
8 13 
1 5 
1 10 
1 11 
1 17 
1 18 
1 21 
1 22 
1 23 
1 36 
1 38 
2 3 
2 5 
2 7 
2 12 
2 14 
2 20 
2 22 
2 30 
3 4 
3 9 
3 16 
3 26 
3 28 
3 30 
3 32 
3 34 
3 37 
4 13 
4 14 
4 18 
4 19 
4 21 
4 30 
4 35 
4 36 
4 37 
4 38 
5 8 
5 10 
5 12 
5 17 
5 19 
5 27 
5 28 
5 30 
5 32 
5 36 
5 37 
6 9 
6 15 
6 18 
6 22 
6 23 
6 24 
6 25 
6 26 
6 28 
6 33 
7 8 
7 13 
7 17 
7 34 
7 38 
8 30 
8 31 
8 33 
8 36 
9 10 
9 17 
9 18 
9 23 
9 26 
9 27 
9 36 
9 38 
10 12 
10 16 
10 17 
10 20 
10 25 
10 26 
10 29 
10 30 
10 36 
11 13 
11 15 
11 16 
11 18 
11 19 
11 20 
11 22 
11 24 
11 29 
11 31 
12 19 
12 23 
12 25 
12 29 
12 30 
12 36 
12 37 
13 17 
13 20 
13 28 
13 30 
13 34 
13 36 
13 39 
14 17 
14 24 
14 27 
14 29 
14 31 
14 32 
14 35 
14 36 
15 16 
15 17 
15 20 
15 21 
15 22 
15 26 
15 32 
15 33 
15 34 
15 38 
16 20 
16 27 
16 30 
16 33 
16 34 
16 35 
16 37 
16 39 
17 19 
17 21 
17 24 
17 25 
17 27 
17 33 
17 34 
17 36 
17 39 
18 19 
18 20 
18 22 
18 26 
18 38 
19 20 
19 22 
19 26 
19 30 
19 32 
19 36 
20 21 
20 23 
20 24 
20 28 
20 29 
20 32 
21 23 
21 24 
21 36 
22 30 
22 31 
22 32 
23 24 
23 25 
23 30 
23 33 
23 35 
23 36 
23 39 
24 32 
24 33 
24 39 
25 26 
25 33 
27 28 
27 29 
28 29 
28 31 
28 32 
28 34 
29 30 
29 31 
29 33 
29 35 
29 36 
30 31 
30 33 
30 34 
30 35 
30 39 
31 33 
31 39 
32 35 
32 36 
33 37 
34 36 
35 39 
37 38 
38 39 
