45
1 28 
5 34 
1 6 
1 8 
1 10 
1 11 
1 18 
1 21 
1 24 
1 25 
1 30 
1 32 
1 38 
1 44 
2 3 
2 11 
2 13 
2 14 
2 16 
2 18 
2 21 
2 22 
2 23 
2 24 
2 26 
2 29 
2 31 
2 33 
2 35 
2 39 
2 41 
2 43 
3 4 
3 7 
3 10 
3 14 
3 15 
3 18 
3 22 
3 24 
3 32 
3 33 
3 35 
3 36 
3 38 
4 6 
4 9 
4 10 
4 12 
4 13 
4 15 
4 19 
4 20 
4 22 
4 26 
4 27 
4 32 
4 39 
5 6 
5 9 
5 12 
5 23 
5 25 
5 28 
5 33 
5 39 
5 40 
5 41 
5 42 
6 8 
6 11 
6 14 
6 15 
6 18 
6 23 
6 25 
6 27 
6 32 
6 34 
6 35 
6 37 
6 40 
6 41 
6 42 
6 44 
7 8 
7 12 
7 24 
7 25 
7 29 
7 31 
7 33 
7 36 
7 37 
7 40 
7 41 
7 44 
8 9 
8 10 
8 11 
8 22 
8 31 
8 35 
8 37 
8 38 
8 42 
9 10 
9 11 
9 13 
9 20 
9 26 
9 39 
9 40 
9 41 
9 43 
10 12 
10 13 
10 15 
10 21 
10 23 
10 30 
10 32 
10 35 
10 39 
10 41 
10 44 
11 12 
11 18 
11 19 
11 21 
28 36 
11 22 
11 23 
11 25 
11 28 
11 43 
12 15 
28 34 
12 19 
12 20 
30 39 
12 24 
12 27 
29 30 
12 28 
12 38 
28 30 
12 40 
12 41 
30 31 
13 18 
13 22 
33 37 
13 24 
13 26 
31 32 
13 35 
13 36 
29 41 
13 38 
13 43 
32 42 
14 16 
14 19 
35 38 
14 22 
14 24 
33 41 
14 28 
14 31 
31 38 
14 35 
14 37 
14 38 
14 39 
37 40 
14 44 
15 20 
15 26 
15 28 
15 33 
15 38 
36 42 
15 41 
16 19 
16 21 
16 26 
37 43 
16 27 
16 29 
36 38 
16 31 
16 32 
42 43 
16 35 
16 36 
16 37 
16 40 
17 31 
17 32 
39 40 
17 37 
18 20 
18 26 
18 28 
18 29 
18 30 
18 34 
18 39 
18 41 
18 42 
19 20 
19 25 
19 26 
19 34 
19 36 
19 40 
19 44 
20 21 
20 30 
20 32 
20 42 
21 22 
21 28 
21 30 
21 31 
21 32 
21 39 
21 40 
22 28 
22 34 
22 41 
22 43 
23 25 
23 26 
23 27 
23 28 
23 34 
23 35 
23 43 
24 26 
24 28 
24 29 
34 43 
24 30 
24 34 
24 39 
24 42 
35 42 
25 26 
25 29 
34 36 
25 30 
25 33 
25 37 
25 40 
25 41 
25 43 
25 44 
26 27 
26 33 
26 34 
26 36 
26 38 
26 39 
26 40 
26 41 
26 43 
27 28 
27 29 
27 33 
27 34 
27 35 
27 36 
27 37 
27 42 
28 29 
28 33 
28 35 
28 42 
29 31 
29 43 
30 32 
30 41 
31 35 
31 43 
33 36 
33 39 
34 35 
34 37 
35 36 
35 39 
35 43 
36 41 
36 44 
37 42 
38 44 
39 44 
