50
1 28 
5 33 
1 2 
1 6 
1 9 
1 11 
1 13 
1 14 
1 15 
1 25 
1 29 
1 35 
1 42 
1 45 
1 47 
1 49 
2 3 
2 10 
2 11 
2 15 
2 17 
2 19 
2 20 
2 21 
2 22 
2 25 
2 32 
2 33 
2 34 
2 35 
2 44 
2 45 
2 46 
2 47 
2 48 
3 8 
3 10 
3 14 
3 15 
3 18 
3 22 
3 23 
3 29 
3 33 
3 34 
3 38 
3 44 
4 5 
4 9 
4 14 
4 15 
4 17 
4 19 
4 20 
4 21 
4 35 
4 36 
4 42 
4 43 
5 7 
5 19 
5 23 
5 26 
5 30 
5 32 
5 36 
5 37 
5 41 
5 43 
5 44 
5 47 
5 49 
6 7 
6 10 
6 14 
6 15 
6 22 
6 23 
6 25 
6 29 
6 34 
6 36 
6 38 
6 39 
6 41 
6 45 
7 10 
7 19 
7 26 
7 29 
7 36 
7 40 
7 41 
8 13 
8 15 
8 18 
8 22 
8 29 
8 30 
8 32 
8 34 
8 37 
8 40 
8 41 
8 42 
8 45 
8 49 
9 10 
9 16 
9 23 
9 24 
9 25 
9 26 
9 32 
9 35 
9 37 
9 38 
9 42 
9 44 
10 13 
10 15 
10 17 
10 20 
10 23 
10 25 
10 26 
10 29 
10 33 
32 36 
10 42 
10 47 
24 29 
10 49 
11 12 
32 43 
11 14 
11 16 
31 46 
11 18 
11 20 
23 49 
11 25 
11 28 
25 27 
11 32 
11 35 
24 36 
11 38 
11 49 
23 42 
12 14 
12 15 
24 44 
12 22 
12 23 
25 46 
12 25 
12 40 
25 32 
12 43 
12 49 
24 38 
13 15 
13 22 
25 38 
13 24 
13 27 
27 28 
13 28 
13 35 
25 49 
13 38 
13 39 
25 34 
13 41 
13 43 
13 45 
13 49 
28 36 
14 16 
14 20 
14 21 
14 31 
14 35 
14 37 
28 34 
14 39 
14 47 
29 36 
15 17 
15 18 
28 40 
15 19 
15 21 
27 42 
15 22 
15 23 
29 33 
15 29 
15 31 
30 42 
15 32 
15 35 
29 43 
15 36 
15 44 
28 44 
15 47 
15 49 
30 39 
16 24 
16 25 
32 40 
16 26 
16 27 
31 39 
16 29 
16 30 
30 35 
16 31 
16 34 
16 35 
16 39 
33 48 
16 43 
16 44 
16 45 
16 46 
16 49 
17 19 
33 34 
17 20 
17 24 
35 40 
17 25 
17 29 
34 36 
17 32 
17 33 
32 48 
17 38 
17 40 
34 48 
17 41 
17 42 
39 42 
17 43 
17 45 
36 47 
17 47 
18 22 
34 38 
18 30 
18 31 
38 39 
18 39 
18 40 
40 47 
18 46 
18 48 
39 44 
19 23 
19 25 
37 44 
19 29 
19 33 
26 43 
19 36 
19 45 
44 49 
19 46 
20 26 
27 36 
20 27 
20 28 
26 33 
20 30 
20 31 
43 46 
20 41 
20 43 
20 46 
21 28 
21 35 
21 39 
42 47 
21 49 
22 23 
22 28 
22 31 
22 32 
22 38 
22 40 
22 41 
22 42 
22 44 
22 45 
23 25 
23 30 
23 31 
23 35 
23 38 
23 39 
23 46 
24 25 
24 33 
24 37 
24 40 
24 45 
25 28 
25 33 
25 35 
25 39 
25 47 
26 30 
26 36 
26 46 
27 32 
27 41 
27 49 
28 35 
28 38 
28 41 
28 47 
29 34 
29 42 
29 44 
30 38 
30 41 
30 45 
31 40 
31 48 
32 37 
32 42 
32 44 
32 49 
33 37 
33 49 
34 37 
34 45 
35 36 
36 40 
37 42 
37 47 
38 49 
39 43 
39 46 
39 48 
40 41 
40 44 
40 46 
41 42 
41 44 
42 44 
42 49 
44 48 
