55
1 19 
4 51 
1 3 
39 44 
1 5 
1 10 
37 54 
1 13 
1 14 
40 44 
1 15 
1 16 
41 52 
1 18 
40 51 
1 20 
1 33 
39 50 
1 36 
1 38 
41 48 
1 41 
1 42 
42 54 
1 47 
1 51 
42 43 
2 7 
2 8 
41 44 
2 14 
2 19 
42 48 
2 20 
2 21 
2 23 
2 24 
2 25 
2 26 
42 46 
2 28 
2 32 
2 41 
2 50 
47 51 
2 53 
3 7 
45 51 
3 11 
3 17 
44 48 
3 26 
3 28 
47 49 
3 29 
3 30 
52 54 
3 32 
3 50 
50 51 
3 52 
3 53 
46 52 
3 54 
4 5 
51 53 
4 6 
4 8 
4 9 
4 10 
4 14 
4 18 
50 54 
4 19 
4 21 
4 23 
4 28 
38 50 
4 29 
4 32 
37 46 
4 38 
4 40 
4 41 
4 42 
38 42 
4 43 
4 44 
4 45 
4 54 
5 6 
5 10 
5 12 
5 18 
5 19 
5 22 
5 24 
5 26 
5 30 
5 34 
5 36 
5 43 
5 47 
6 8 
6 10 
6 11 
6 12 
6 20 
6 25 
6 31 
6 32 
6 33 
6 38 
6 39 
6 42 
6 44 
6 45 
6 51 
6 53 
7 8 
7 12 
7 16 
7 19 
7 21 
7 23 
7 27 
7 33 
7 37 
7 47 
7 53 
8 10 
8 15 
8 21 
8 31 
8 33 
8 36 
8 38 
8 40 
8 42 
8 44 
8 48 
8 49 
9 12 
9 15 
9 19 
9 20 
9 23 
9 24 
9 25 
9 26 
9 28 
9 31 
26 38 
9 36 
9 39 
20 51 
9 40 
9 41 
26 53 
9 44 
9 46 
26 31 
9 47 
9 48 
20 46 
9 49 
9 51 
21 39 
9 54 
10 12 
20 54 
10 14 
10 29 
20 41 
10 31 
10 32 
21 34 
10 35 
10 36 
22 40 
10 39 
10 42 
21 42 
10 43 
10 45 
21 27 
11 12 
11 16 
22 32 
11 18 
11 24 
23 37 
11 25 
11 29 
22 51 
11 33 
11 34 
21 44 
11 50 
11 53 
11 54 
12 17 
24 32 
12 18 
12 19 
12 20 
12 25 
12 27 
12 33 
23 54 
12 34 
12 35 
25 28 
12 47 
12 48 
24 38 
12 53 
13 16 
23 50 
13 19 
13 20 
24 45 
13 21 
13 23 
25 49 
13 28 
13 29 
25 30 
13 34 
13 38 
24 42 
13 42 
13 45 
25 42 
13 49 
13 53 
26 51 
14 20 
14 23 
25 52 
14 27 
14 38 
25 39 
14 39 
14 42 
36 39 
14 45 
14 48 
27 39 
15 17 
15 18 
36 50 
15 20 
15 22 
35 47 
15 26 
15 27 
27 35 
15 28 
15 29 
28 53 
15 32 
15 34 
27 44 
15 35 
15 42 
27 29 
15 50 
15 51 
28 41 
16 18 
16 19 
29 52 
16 24 
16 28 
29 30 
16 34 
16 47 
28 36 
16 52 
17 19 
29 50 
17 20 
17 22 
30 53 
17 23 
17 27 
30 35 
17 30 
17 34 
29 40 
17 36 
17 44 
23 32 
17 47 
17 54 
31 53 
18 21 
18 24 
23 41 
18 25 
18 34 
23 29 
18 35 
18 39 
31 45 
18 42 
18 43 
33 52 
18 45 
18 47 
32 34 
18 50 
18 52 
31 40 
19 23 
19 34 
33 38 
19 35 
19 36 
34 51 
19 41 
19 44 
34 39 
19 47 
19 48 
32 47 
19 50 
20 23 
34 49 
20 25 
20 26 
36 43 
20 28 
20 30 
35 39 
20 34 
20 37 
34 43 
20 38 
20 45 
20 50 
20 52 
21 22 
21 31 
21 37 
21 41 
21 43 
22 31 
22 36 
22 43 
23 25 
23 31 
23 36 
23 38 
23 48 
23 52 
24 26 
24 33 
24 41 
24 44 
24 50 
25 29 
25 38 
25 41 
25 44 
25 50 
26 30 
26 35 
26 44 
26 52 
26 54 
27 30 
27 38 
27 42 
28 31 
28 37 
28 52 
28 54 
29 39 
29 46 
29 51 
30 33 
30 37 
30 38 
30 40 
30 44 
30 46 
31 33 
31 36 
31 38 
31 42 
31 52 
32 33 
32 38 
33 34 
33 47 
33 54 
34 40 
34 46 
34 50 
34 53 
35 42 
36 38 
36 42 
36 45 
36 52 
37 45 
37 47 
38 39 
38 45 
38 51 
39 47 
40 42 
40 45 
40 48 
40 49 
41 42 
41 45 
41 51 
41 53 
42 44 
42 47 
42 53 
43 45 
43 51 
44 45 
44 50 
44 51 
44 54 
45 46 
45 47 
45 52 
46 53 
47 50 
49 52 
50 53 
51 52 
52 53 
