75
1 57 
6 33 
1 5 
37 57 
1 7 
1 12 
35 70 
1 19 
1 35 
37 74 
1 44 
1 53 
39 59 
1 55 
38 57 
1 59 
1 72 
37 59 
2 12 
2 15 
39 55 
2 52 
2 59 
41 45 
2 67 
2 72 
40 65 
3 15 
3 21 
38 70 
3 22 
3 25 
40 73 
3 32 
3 33 
56 58 
3 36 
3 43 
55 65 
3 44 
3 50 
40 69 
3 52 
3 54 
55 71 
3 58 
3 60 
43 54 
3 62 
4 13 
42 56 
4 15 
4 22 
41 63 
4 24 
4 31 
43 51 
4 50 
4 57 
44 61 
4 60 
4 64 
43 59 
4 70 
4 72 
42 66 
5 6 
5 8 
44 48 
5 10 
5 16 
47 50 
5 17 
5 27 
44 73 
5 30 
5 36 
43 68 
5 39 
5 46 
46 66 
5 53 
5 58 
36 71 
5 62 
5 63 
35 63 
5 64 
5 70 
46 53 
6 7 
6 10 
36 60 
6 14 
6 20 
49 57 
6 22 
48 56 
6 40 
6 55 
47 55 
6 56 
6 58 
49 51 
6 59 
6 66 
52 56 
7 17 
7 27 
50 53 
7 31 
7 37 
48 65 
7 42 
7 48 
51 63 
7 50 
7 52 
54 68 
7 54 
7 61 
53 60 
7 63 
7 70 
50 63 
7 72 
7 73 
54 63 
8 11 
8 12 
8 14 
8 21 
8 31 
8 37 
53 70 
8 39 
8 43 
8 55 
8 69 
58 62 
8 70 
8 73 
56 72 
9 10 
9 16 
55 68 
9 21 
9 23 
57 70 
9 25 
9 30 
62 68 
9 33 
9 42 
58 72 
9 43 
9 44 
57 61 
9 50 
9 56 
61 63 
9 57 
9 59 
64 71 
9 61 
9 68 
63 64 
10 16 
10 22 
60 70 
10 23 
10 28 
64 68 
10 36 
10 38 
47 71 
10 39 
10 41 
47 52 
10 42 
10 53 
63 71 
10 72 
11 19 
47 64 
11 20 
11 23 
11 25 
27 62 
11 32 
11 39 
22 70 
11 46 
11 55 
28 35 
11 61 
11 63 
27 48 
11 66 
11 68 
22 63 
11 73 
11 74 
23 36 
12 14 
12 17 
22 73 
12 18 
12 21 
22 58 
12 27 
12 32 
23 30 
12 46 
12 47 
24 34 
12 51 
12 64 
23 58 
12 65 
12 66 
23 25 
12 72 
13 17 
23 71 
13 25 
13 29 
24 59 
13 32 
13 35 
24 41 
13 40 
13 53 
23 67 
13 58 
13 65 
13 70 
14 15 
25 45 
14 21 
14 22 
14 27 
14 34 
14 41 
14 48 
25 39 
14 49 
14 57 
26 32 
14 59 
14 66 
25 53 
15 16 
15 24 
24 73 
15 25 
15 37 
25 66 
15 38 
15 43 
26 64 
15 45 
15 46 
26 35 
15 47 
15 71 
25 59 
15 73 
15 74 
26 59 
16 23 
16 25 
27 72 
16 28 
16 35 
27 36 
16 38 
16 39 
26 41 
16 45 
16 53 
34 72 
16 63 
16 65 
28 61 
16 67 
16 72 
35 49 
16 73 
17 19 
34 63 
17 20 
17 25 
28 57 
17 30 
17 31 
29 44 
17 41 
17 45 
28 68 
17 46 
17 47 
28 40 
17 49 
17 52 
29 39 
17 57 
17 61 
30 60 
17 69 
17 70 
29 57 
18 19 
18 20 
29 31 
18 31 
18 43 
30 36 
18 49 
18 51 
32 40 
18 53 
18 54 
30 70 
18 56 
18 63 
29 66 
18 64 
18 72 
24 55 
19 25 
19 28 
32 69 
19 49 
19 57 
24 64 
19 60 
19 61 
24 48 
19 62 
20 31 
32 61 
20 34 
20 37 
33 66 
20 42 
20 48 
33 47 
20 52 
20 58 
32 58 
20 59 
20 71 
33 55 
21 32 
21 38 
34 57 
21 41 
21 43 
34 39 
21 45 
21 50 
33 50 
21 51 
21 59 
34 47 
21 66 
21 72 
35 41 
22 31 
22 44 
34 59 
22 45 
22 51 
34 44 
22 53 
22 60 
22 64 
22 72 
23 24 
23 29 
23 34 
23 50 
23 66 
23 68 
24 31 
24 37 
24 43 
24 52 
24 57 
24 63 
24 67 
25 26 
25 40 
25 47 
25 55 
25 61 
25 72 
26 33 
26 37 
26 57 
26 62 
26 74 
27 41 
27 50 
27 71 
28 33 
28 37 
28 50 
28 58 
28 62 
28 71 
29 32 
29 40 
29 55 
29 65 
30 33 
30 37 
30 69 
31 34 
31 44 
31 52 
31 61 
32 34 
32 44 
32 51 
32 52 
32 60 
32 68 
33 37 
33 48 
33 51 
33 62 
33 72 
34 41 
34 45 
34 56 
34 58 
34 61 
34 70 
35 39 
35 47 
35 57 
35 58 
35 67 
36 53 
36 62 
37 53 
37 58 
37 63 
38 39 
38 46 
38 56 
38 66 
39 46 
39 56 
39 70 
40 66 
40 72 
40 74 
41 49 
41 50 
41 56 
41 64 
41 65 
41 71 
41 73 
42 45 
42 58 
42 73 
43 53 
43 56 
65 74 
43 62 
70 71 
43 69 
44 52 
44 72 
45 56 
46 62 
46 69 
47 51 
47 53 
47 56 
47 69 
47 72 
48 57 
48 68 
49 54 
50 51 
50 54 
50 71 
52 54 
53 58 
53 69 
54 56 
54 65 
55 64 
55 66 
55 70 
56 57 
56 66 
56 73 
57 69 
57 74 
58 67 
60 68 
61 62 
61 74 
62 70 
63 69 
64 65 
64 69 
65 68 
67 68 
67 69 
69 74 
70 74 
71 73 
