85
2 6 
8 56 
1 11 
1 22 
1 30 
1 44 
1 49 
1 65 
1 84 
2 3 
2 12 
2 15 
2 18 
2 23 
2 39 
2 56 
2 58 
2 74 
2 79 
3 4 
3 6 
3 12 
3 17 
3 35 
3 44 
3 61 
3 62 
3 72 
3 75 
3 84 
4 8 
4 22 
4 32 
4 44 
4 49 
4 70 
5 37 
5 38 
5 44 
5 63 
5 68 
5 69 
5 72 
5 76 
5 82 
6 33 
6 38 
6 41 
6 53 
6 56 
6 64 
6 68 
7 17 
7 34 
7 40 
7 53 
7 58 
7 64 
7 70 
7 79 
8 19 
8 21 
8 24 
8 28 
8 53 
8 68 
8 69 
8 70 
8 78 
9 10 
9 17 
9 27 
9 31 
9 36 
9 42 
9 57 
9 62 
10 27 
10 39 
10 42 
10 45 
10 47 
10 64 
11 23 
11 43 
11 51 
11 54 
11 64 
12 31 
12 34 
12 36 
12 52 
12 69 
12 74 
13 14 
13 20 
13 23 
13 51 
13 52 
13 63 
14 25 
14 34 
14 53 
14 59 
14 62 
14 81 
15 29 
15 35 
15 38 
15 40 
15 50 
15 59 
15 77 
16 21 
16 23 
16 26 
16 37 
16 38 
16 47 
16 48 
16 82 
17 26 
17 33 
17 47 
17 50 
17 65 
17 71 
17 72 
61 78 
17 83 
18 71 
42 79 
18 72 
18 83 
63 72 
19 23 
19 32 
60 62 
19 44 
19 46 
42 57 
19 50 
19 51 
44 80 
19 64 
19 73 
43 74 
19 74 
19 77 
42 43 
20 32 
20 35 
44 73 
20 37 
20 43 
46 80 
20 44 
20 48 
45 54 
20 54 
20 67 
43 83 
20 71 
20 81 
46 52 
21 31 
21 44 
48 60 
21 63 
21 66 
47 55 
21 81 
22 42 
45 82 
22 50 
22 57 
23 24 
23 29 
50 76 
23 36 
23 46 
23 65 
23 69 
23 81 
23 82 
50 72 
24 35 
24 53 
53 82 
24 61 
24 82 
51 59 
25 31 
25 47 
49 71 
25 49 
25 59 
52 72 
25 60 
25 63 
57 62 
25 65 
25 77 
54 59 
25 81 
25 82 
51 75 
26 29 
26 66 
55 70 
26 71 
26 78 
62 83 
26 79 
26 80 
59 66 
27 48 
27 53 
54 71 
27 61 
27 77 
27 80 
27 81 
64 67 
28 31 
28 79 
29 48 
29 52 
29 59 
29 67 
63 84 
29 72 
30 32 
66 70 
30 54 
30 56 
64 74 
30 66 
30 77 
63 78 
31 47 
31 66 
65 74 
31 67 
31 72 
72 78 
31 80 
32 36 
67 84 
32 57 
32 74 
65 67 
32 81 
33 51 
71 78 
33 61 
33 68 
80 82 
33 72 
34 39 
73 79 
34 42 
34 66 
69 83 
34 67 
34 82 
48 52 
35 37 
35 40 
35 52 
35 56 
49 56 
35 65 
35 78 
47 65 
36 45 
36 53 
36 56 
36 72 
36 79 
37 38 
37 43 
37 68 
37 70 
37 72 
38 44 
38 68 
39 61 
39 82 
40 44 
40 52 
40 58 
40 68 
40 72 
40 74 
40 75 
40 76 
40 82 
41 51 
41 74 
42 49 
42 61 
43 60 
43 81 
44 72 
44 78 
45 48 
45 81 
46 47 
46 66 
47 52 
47 58 
47 70 
48 59 
48 62 
49 64 
50 58 
50 75 
50 84 
51 70 
52 68 
53 55 
53 83 
54 60 
55 69 
56 62 
58 63 
59 80 
60 65 
62 69 
63 65 
63 75 
63 79 
64 65 
64 73 
64 82 
65 73 
65 77 
67 83 
68 79 
70 71 
71 82 
72 80 
73 82 
74 76 
74 77 
75 83 
79 84 
80 83 
