90
2 34 
8 86 
1 18 
72 74 
1 39 
1 40 
69 72 
1 68 
1 89 
73 87 
2 17 
2 26 
86 88 
2 28 
78 80 
2 45 
2 65 
72 82 
2 70 
2 72 
83 89 
2 73 
2 84 
3 9 
3 10 
3 19 
3 31 
79 84 
3 33 
3 36 
3 54 
3 57 
3 61 
3 67 
4 6 
4 11 
4 23 
4 48 
4 57 
4 68 
4 72 
4 78 
4 82 
4 83 
5 8 
5 15 
5 21 
5 24 
5 30 
5 31 
5 47 
5 51 
5 62 
5 69 
5 74 
6 35 
6 58 
6 78 
6 85 
7 18 
7 31 
7 35 
7 36 
7 38 
71 82 
7 48 
7 56 
68 79 
7 72 
8 22 
8 24 
8 30 
69 87 
8 39 
8 63 
8 72 
8 88 
9 14 
9 32 
9 42 
9 53 
9 57 
9 61 
9 67 
10 19 
10 20 
10 25 
10 27 
10 30 
10 32 
10 48 
10 56 
10 62 
10 74 
10 88 
11 12 
11 23 
11 26 
11 29 
11 46 
11 49 
11 64 
11 68 
11 73 
11 74 
11 88 
12 31 
12 34 
12 37 
12 44 
12 47 
12 63 
12 76 
12 81 
13 14 
13 37 
13 59 
14 50 
14 62 
14 67 
14 81 
15 21 
15 26 
15 28 
15 29 
15 37 
15 40 
15 44 
15 58 
15 67 
15 72 
15 73 
15 78 
15 86 
15 87 
16 19 
16 24 
16 27 
16 31 
47 59 
16 41 
16 42 
36 84 
16 88 
17 27 
48 80 
17 33 
17 34 
46 88 
17 50 
17 61 
36 72 
17 62 
17 66 
37 78 
17 67 
17 68 
37 41 
17 78 
17 84 
36 60 
18 24 
18 27 
37 71 
18 31 
18 60 
39 70 
18 79 
18 85 
37 88 
19 27 
19 31 
37 48 
19 35 
19 42 
39 66 
19 43 
19 57 
41 54 
19 58 
19 59 
40 69 
19 78 
20 33 
39 49 
20 55 
20 62 
21 66 
22 35 
43 83 
22 46 
22 48 
22 62 
22 82 
23 54 
23 55 
43 49 
23 64 
23 65 
44 66 
23 88 
24 33 
43 87 
24 36 
24 53 
41 85 
24 78 
25 27 
44 58 
25 35 
25 40 
46 75 
25 42 
25 48 
44 88 
25 52 
25 62 
44 52 
25 79 
25 84 
46 60 
25 88 
26 38 
48 71 
26 59 
26 66 
46 84 
26 71 
27 30 
46 50 
27 38 
27 43 
66 79 
27 50 
27 75 
50 87 
27 77 
27 86 
67 85 
28 32 
28 35 
66 67 
28 38 
28 42 
49 84 
28 45 
28 46 
53 70 
28 50 
28 51 
52 55 
28 53 
28 67 
49 59 
28 76 
28 81 
53 56 
29 55 
29 72 
55 72 
29 74 
29 87 
53 84 
30 37 
30 44 
52 57 
30 54 
30 55 
55 70 
30 76 
30 77 
58 73 
30 83 
30 86 
56 69 
31 39 
31 42 
54 59 
31 47 
31 55 
41 46 
31 60 
31 62 
60 77 
31 65 
31 85 
41 71 
32 35 
32 37 
40 77 
32 40 
32 49 
60 72 
32 50 
32 59 
62 89 
32 69 
32 78 
60 80 
33 45 
33 67 
60 62 
33 87 
34 36 
61 74 
34 37 
34 40 
64 79 
34 69 
34 72 
63 71 
34 78 
35 54 
61 64 
35 57 
35 67 
64 70 
35 68 
35 71 
66 89 
35 84 
35 88 
64 85 
36 41 
36 45 
63 84 
36 50 
36 67 
36 73 
36 88 
37 44 
37 67 
37 76 
37 79 
38 88 
39 63 
39 68 
40 45 
40 70 
40 86 
41 53 
41 57 
41 81 
42 59 
43 81 
43 85 
43 88 
44 54 
44 62 
44 72 
45 57 
46 59 
46 61 
46 78 
46 86 
47 51 
47 88 
48 72 
49 50 
49 66 
50 61 
51 66 
52 56 
52 88 
53 59 
53 79 
53 87 
55 61 
55 71 
56 61 
56 76 
56 78 
57 66 
57 68 
57 74 
59 63 
59 66 
59 76 
60 63 
60 76 
60 79 
60 82 
61 70 
61 79 
63 69 
63 74 
64 66 
64 71 
64 83 
65 77 
66 78 
66 82 
67 69 
67 86 
68 75 
68 87 
69 75 
70 74 
71 89 
72 80 
73 77 
76 81 
76 85 
77 79 
78 87 
80 88 
85 88 
87 88 
